/*--------------------------------*- C++ -*----------------------------------*\
  =========                 |
  \\      /  F ield         | OpenFOAM: The Open Source CFD Toolbox
   \\    /   O peration     | Website:  https://openfoam.org
    \\  /    A nd           | Version:  8
     \\/     M anipulation  |
\*---------------------------------------------------------------------------*/
FoamFile
{
    version     2.0;
    format      ascii;
    class       volScalarField;
    location    "7200/buildings";
    object      Ts;
}
// * * * * * * * * * * * * * * * * * * * * * * * * * * * * * * * * * * * * * //

dimensions      [0 0 0 1 0 0 0];

internalField   nonuniform List<scalar> 
3640
(
316.95859
310.88856
305.55764
305.27635
305.7165
307.0547
315.33834
315.81086
305.60171
304.06593
311.35547
312.61918
311.93775
311.27768
310.37841
314.89199
305.38247
301.91136
302.77041
308.34627
304.92615
304.67566
305.51898
311.35387
311.92668
311.52143
312.30391
309.94053
309.59311
310.15828
312.00934
310.81261
312.63928
310.80228
310.23671
312.42688
313.55941
313.06821
313.73197
309.38728
316.71387
310.78704
311.43759
313.87724
315.47618
312.23813
306.45372
308.33394
310.69572
309.98296
312.27242
311.82067
304.94716
304.98486
305.32502
308.25492
308.01221
306.69238
305.34812
309.56517
308.6069
309.27437
308.81993
307.79265
309.57048
309.31889
302.61405
304.95225
314.46154
309.14685
311.23026
315.30889
308.27088
309.79678
310.15392
310.08449
309.91648
308.21821
308.18944
307.9295
305.89166
310.2316
309.87935
306.41769
317.16038
315.21402
307.44294
309.55695
307.01776
309.89794
308.19094
309.11385
307.25032
309.4528
311.1551
310.52389
308.59319
308.36953
307.98827
310.58047
310.73562
306.37341
310.29135
307.01081
306.77447
306.41876
306.5494
306.01963
309.38019
309.83455
306.91881
312.28003
313.19981
305.75408
311.68712
305.30064
305.40568
310.855
306.79958
307.45843
307.38169
312.11854
308.43305
308.69578
308.05083
309.6834
309.71558
310.57693
307.75651
308.08476
313.36317
307.28237
318.23507
306.30011
305.36226
311.01971
306.21007
311.0473
307.04043
308.64077
307.0807
309.38329
322.749
307.13762
307.69978
310.91368
306.26427
309.59337
307.63963
312.48912
307.82927
307.27305
307.31437
315.97835
315.40329
316.63322
315.98687
315.84133
315.82208
317.00918
314.1021
307.68792
316.66746
306.56865
306.52513
307.45286
308.17367
307.29744
307.3007
315.18717
317.81092
307.28897
309.32644
315.05899
309.13382
314.5932
308.93561
311.76858
311.4541
312.87687
310.59088
316.06666
308.97742
311.90237
311.21966
310.03345
306.59305
307.08013
313.79388
309.99099
308.14892
308.90556
307.404
308.92439
310.96969
308.0548
306.15843
306.35264
306.72761
308.05625
315.36328
310.07154
312.22659
313.2631
313.09433
311.42008
312.15235
313.03454
305.30128
305.3101
311.87997
305.80827
311.89837
306.44584
310.81519
306.38239
308.48488
307.68662
305.706
304.59799
306.56139
306.06746
306.73214
306.70279
306.64894
305.96222
306.83059
306.31889
313.85635
312.1565
312.38034
311.91594
317.61003
309.89299
307.15437
313.62378
315.69821
306.01031
304.63571
311.19824
313.9802
315.16501
304.61983
302.20617
303.3451
307.83416
310.85589
311.43124
311.06618
311.83434
308.24106
314.99351
312.02982
306.60233
306.79936
305.67505
308.16965
310.77513
308.61436
305.48614
309.35836
307.58644
310.32647
310.18835
304.17294
305.16053
314.3972
308.84863
311.42317
315.29703
307.57036
309.32028
308.59117
306.22413
313.82437
314.31486
306.62603
310.01745
308.00091
310.79066
309.36038
310.53822
308.32284
309.69856
308.34572
306.10573
309.63265
310.36224
308.19086
314.5432
314.78222
305.52043
309.80781
305.40155
305.31857
310.60468
307.16374
307.21186
307.07079
312.57727
307.14145
308.86874
307.76404
309.21426
308.84209
308.15639
307.80773
307.71771
314.5894
308.15235
308.15227
306.66743
305.39141
312.40573
306.48566
311.80236
306.97784
308.68186
319.705
309.30454
323.31423
308.54463
307.97163
308.36214
318.09228
319.90586
312.81304
315.84293
306.72112
308.11475
307.21402
307.15353
315.48742
316.67503
307.56628
309.68866
316.76697
309.47966
314.56669
308.50304
311.02661
311.77935
312.59383
311.52303
315.88774
308.70706
307.61778
308.52583
311.4805
307.477
307.00104
309.70812
313.57782
312.43225
311.3346
305.22964
305.37004
313.53297
305.8138
314.12232
307.0691
311.97563
306.09734
307.03786
316.30967
310.55921
305.30926
305.18763
305.51585
306.82441
315.02201
315.39901
305.47753
304.03918
311.05169
312.40693
311.66574
311.04816
310.10988
314.41581
305.19969
301.86296
302.7973
308.19537
304.78102
304.57272
305.33105
310.84018
311.35158
310.9846
311.68682
309.51469
309.23289
309.72182
311.51483
310.40121
312.09926
310.38217
309.85267
311.90407
312.86746
312.41536
313.11059
309.26725
316.50494
310.67674
311.21191
313.69206
315.02426
311.81678
306.24617
308.06872
310.56861
309.81055
311.99658
311.51933
304.78674
304.92137
305.13572
308.07298
307.80714
306.41498
305.30403
309.34982
308.40635
309.14566
308.57902
307.66433
309.28741
309.07973
302.59896
304.83081
314.05336
309.03962
310.88729
315.09536
308.21447
309.7
310.02973
309.99524
309.84164
308.074
308.02464
307.82395
305.84907
310.03057
309.58993
306.29217
316.94918
314.86249
307.37497
309.39331
306.89173
309.87457
307.91475
308.90221
307.10735
309.34599
311.01608
310.32668
308.47255
308.19521
307.78611
310.36986
310.52987
306.27769
310.13516
306.86935
306.62219
306.30775
306.40772
306.00255
309.17866
309.49811
306.76673
312.20402
312.92706
305.5976
311.38456
305.18435
305.25619
310.68038
306.68054
307.27418
307.22637
311.93648
308.46864
308.44927
307.90515
309.44757
309.70957
310.54964
307.5275
307.84494
313.01869
307.11371
317.79592
306.15365
305.271
310.76304
306.09352
310.84346
306.87713
308.42909
306.97635
309.17127
321.96043
306.97054
307.50547
310.55597
306.18222
309.41635
307.33916
312.25173
307.56989
306.97945
307.05774
315.34278
314.8424
316.07446
315.47683
315.21006
315.17505
316.438
313.54166
307.55998
316.25805
306.36178
306.32379
307.3258
307.96203
307.15012
306.98745
314.88324
317.52744
307.19504
309.20602
314.82072
309.01669
314.28764
308.76132
311.61832
311.37428
312.70621
310.50673
315.43282
308.84647
311.7297
311.0788
309.84646
306.38481
306.90858
313.22251
309.98421
307.88169
308.60189
307.15602
308.60614
310.64042
307.87407
306.02893
306.2489
306.59439
307.90272
315.0399
309.92879
311.82939
312.76569
312.76741
311.15392
311.68918
312.42978
305.18921
305.19522
311.68787
305.75127
311.65473
306.38473
310.76314
306.24636
308.28891
307.40988
305.49169
304.43344
306.49776
305.87625
306.41636
306.37973
306.47846
305.72784
306.71306
306.10866
313.23013
311.69527
312.09824
311.53137
317.10177
309.56074
307.01982
313.30078
315.19678
305.92804
304.6117
310.84976
313.7275
314.48759
304.46852
302.16085
303.33774
307.60121
310.36604
310.88365
310.5752
311.25978
308.17257
314.7709
311.77649
306.46592
306.68451
305.47086
307.88389
310.33378
308.40706
305.36954
309.21045
307.36076
309.98574
309.87082
304.05221
305.07052
314.04736
308.67476
310.95497
314.89701
307.5162
309.0706
308.388
306.21739
313.54026
314.10079
306.58289
309.73262
307.98727
310.44952
309.09924
310.31142
308.16458
309.63213
308.15722
306.06822
309.38406
310.0592
308.09394
314.20887
314.53537
305.40709
309.63651
305.31798
305.19293
310.42749
306.9796
307.02111
306.91508
312.34812
307.02461
308.58115
307.60277
308.94608
308.75685
307.97875
307.54837
307.48524
314.11984
307.90481
307.94439
306.46952
305.28969
312.03583
306.33278
311.57115
306.80015
308.47216
318.77801
309.06583
322.49287
308.288
307.76024
308.11164
317.31679
319.33504
312.24471
315.18782
306.49389
307.84248
307.05089
306.8383
315.06779
316.34101
307.44427
309.57377
316.5057
309.37181
314.27656
308.24899
310.86595
311.64312
312.37216
311.43266
315.2848
308.46559
307.57375
308.41086
311.14598
307.31409
306.87102
309.49307
313.28547
312.01395
310.91878
305.08588
305.21202
313.24334
305.73463
313.71182
306.99728
311.90855
305.95685
306.71536
315.55768
310.17403
305.02082
305.08336
305.28149
306.55544
314.65377
314.91923
305.33084
304.00772
310.69797
312.15733
311.34662
310.77852
309.79396
313.85838
304.98165
301.80635
302.82781
308.01851
304.61297
304.45252
305.11193
310.23445
310.67525
310.3525
310.96268
309.01205
308.80711
309.20672
310.93354
309.91661
311.46542
309.88646
309.39907
311.29005
312.05666
311.64986
312.38308
309.12884
316.26102
310.54685
310.94562
313.47539
314.49669
311.32158
306.00279
307.75918
310.41865
309.6071
311.67351
311.16491
304.60043
304.84697
304.91225
307.86078
307.56512
306.09034
305.25208
309.09638
308.17034
308.99405
308.29575
307.51317
308.95266
308.79846
302.57922
304.68813
313.57505
308.91468
310.48682
314.84482
308.14869
309.5853
309.88274
309.88944
309.75271
307.90569
307.83202
307.69992
305.79785
309.79575
309.25169
306.14551
316.70311
314.45288
307.29485
309.2021
306.7439
309.84655
307.59223
308.65543
306.94042
309.2192
310.85157
310.09341
308.331
307.99199
307.54945
310.12126
310.2872
306.16461
309.95046
306.70395
306.44454
306.17766
306.24205
305.98187
308.94265
309.10614
306.58836
312.11427
312.60696
305.41444
311.02942
305.04804
305.08114
310.47513
306.54008
307.05947
307.04431
311.72188
308.50925
308.1625
307.735
309.17228
309.70027
310.51669
307.26178
307.56692
312.61427
306.91635
317.28408
305.98166
305.16353
310.46101
305.95621
310.60387
306.68639
308.18334
306.85166
308.92419
321.04787
306.77566
307.28
310.14234
306.08442
309.21129
306.9887
311.95738
307.26809
306.63565
306.75909
314.60237
314.18655
315.42364
314.88283
314.47461
314.42167
315.7727
312.88667
307.4083
315.7775
306.1203
306.08806
307.17609
307.71392
306.97808
306.62191
314.52928
317.19776
307.08493
309.06467
314.5429
308.87965
313.9294
308.5589
311.44401
311.27988
312.50763
310.40873
314.69276
308.69231
311.52666
310.91253
309.62826
306.14084
306.7074
312.55392
309.9756
307.56918
308.24715
306.8659
308.23823
310.25926
307.66427
305.87702
306.1274
306.43871
307.72231
314.66099
309.76034
311.3636
312.18422
312.38488
310.84063
311.14465
311.72232
305.05789
305.05966
311.46213
305.68411
311.36907
306.31272
310.70175
306.08756
308.06248
307.08836
305.23897
304.23973
306.42275
305.65366
306.04838
306.00308
306.27782
305.45425
306.57438
305.86092
312.49774
311.15334
311.76704
311.07955
316.51247
309.17395
306.86264
312.92339
314.6104
305.83131
304.58179
310.44322
313.43209
313.69859
304.29091
302.10793
303.326
307.32759
309.78853
310.23963
309.99599
310.58432
308.09912
314.51063
311.47978
306.30703
306.55041
305.23175
307.5504
309.81821
308.16426
305.23233
309.03608
307.09394
309.58463
309.50055
303.91101
304.9631
313.63803
308.47315
310.40802
314.42868
307.4529
308.77789
308.15016
306.20877
313.20741
313.8509
306.53156
309.39959
307.97086
310.05135
308.79573
310.04777
307.98043
309.55299
307.93706
306.02378
309.09235
309.70662
307.98049
313.81952
314.24696
305.27378
309.43353
305.2194
305.04514
310.21966
306.76398
306.799
306.73177
312.07887
306.88838
308.24737
307.41457
308.6337
308.65626
307.7725
307.24804
307.21542
313.57128
307.61711
307.70347
306.23847
305.17032
311.60237
306.15332
311.29985
306.5931
308.22846
317.70836
308.78732
321.54369
307.98895
307.51525
307.82039
316.41983
318.6721
311.5918
314.42204
306.22736
307.52501
306.86089
306.47133
314.57985
315.95201
307.30185
309.4392
316.20108
309.24586
313.9363
307.95358
310.67899
311.48226
312.11403
311.32767
314.58088
308.18351
307.52199
308.27614
310.75919
307.12505
306.7192
309.2395
312.94244
311.52275
310.42953
304.91794
305.02655
312.90581
305.64232
313.23255
306.91298
311.82969
305.7923
306.34067
314.69408
309.73194
304.68866
304.96152
305.0092
306.24558
314.22889
314.36389
305.15987
303.97081
310.29057
311.86861
310.97842
310.46407
309.42665
313.21192
304.73099
301.74085
302.86218
307.81335
304.4176
304.31368
304.85892
309.52638
309.88786
309.61512
310.12196
308.42392
308.30825
308.60412
310.25587
309.35116
310.72798
309.30652
308.86768
310.57646
311.11779
310.76212
311.54244
308.96605
315.97944
310.395
310.63461
313.22308
313.88767
310.7454
305.72012
307.40121
310.24363
309.36887
311.29655
310.75229
304.38618
304.76047
304.65342
307.61366
307.28241
305.71495
305.19118
308.80095
307.89504
308.81741
307.966
307.33677
308.56152
308.47019
302.55691
304.52205
313.01996
308.77072
310.02376
314.55416
308.07253
309.45032
309.71005
309.76495
309.64774
307.71109
307.60876
307.55549
305.73653
309.5239
308.85946
305.97554
316.41938
313.97905
307.2013
308.9807
306.57211
309.81299
307.21889
308.37035
306.74712
309.06959
310.65831
309.81951
308.16627
307.75727
307.2748
309.83042
310.00332
306.0319
309.73394
306.51244
306.23928
306.02664
306.0501
305.95706
308.66958
308.65393
306.38102
312.00925
312.23551
305.20206
310.61756
304.88948
304.87807
310.23613
306.37591
306.81163
306.83281
311.47105
308.5547
307.83211
307.53798
308.85425
309.68602
310.47687
306.95657
307.24799
312.1441
306.68706
316.69351
305.78132
305.03823
310.10874
305.79551
310.32494
306.466
307.90134
306.70322
308.63832
320.00352
306.54978
307.02047
309.66926
305.96793
308.97519
306.58397
311.59303
306.92057
306.23567
306.41466
313.74898
313.42738
314.67352
314.19839
313.62699
313.55397
315.00593
312.12905
307.22957
315.21813
305.84097
305.8146
307.00138
307.42604
306.77896
306.19972
314.12118
316.81823
306.9571
308.90025
314.22169
308.72072
313.51371
308.32634
311.2438
311.16889
312.27875
310.29555
313.83756
308.51197
311.28956
310.71751
309.37614
305.85745
306.47343
311.77978
309.96451
307.20692
307.8366
306.52961
307.81729
309.82271
307.42329
305.70041
305.98629
306.25847
307.51232
314.22098
309.56324
310.82277
311.51168
311.94202
310.47544
310.51076
310.90375
304.90552
304.90115
311.20037
305.60637
311.03678
306.22862
310.62996
305.90406
307.80368
306.71873
304.94349
304.01366
306.33486
305.39737
305.62416
305.56863
306.04354
305.13821
306.41223
305.57146
311.65038
310.52285
311.38188
310.55396
315.83563
308.72808
306.68034
312.48632
313.93429
305.7184
304.5478
309.97431
313.09018
312.78803
304.08685
302.04619
303.31469
307.00988
309.11393
309.48995
309.31814
309.79836
308.00713
314.20917
311.13597
306.12326
306.39535
304.95469
307.16506
309.22166
307.88512
305.07295
308.83283
306.78064
309.11664
309.07305
303.74813
304.83997
313.16519
308.24236
309.77589
313.88648
307.37868
308.43762
307.87389
306.19787
312.82233
313.56095
306.4711
309.01381
307.95113
309.59094
308.4464
309.74427
307.76819
309.45918
307.68228
305.97137
308.7535
309.30041
307.84902
313.36953
313.91295
305.11798
309.19566
305.10395
304.8729
309.97756
306.51363
306.54285
306.51818
311.76512
306.73114
307.86384
307.19697
308.27339
308.53822
307.53558
306.90386
306.90525
312.93656
307.28603
307.42689
305.97137
305.03138
311.09961
305.94455
310.98456
306.35406
307.94799
316.48836
308.46547
320.45841
307.64398
307.23416
307.48515
315.39423
317.91058
310.85109
313.53547
305.91777
307.15841
306.64176
306.04869
314.01827
315.50376
307.13671
309.28304
315.84949
309.10016
313.54126
307.61355
310.46353
311.29367
311.81638
311.20684
313.76766
307.85726
307.46155
308.11963
310.3167
306.90794
306.54359
308.94307
312.5438
310.95166
309.85958
304.72366
304.81089
312.51589
305.53568
312.67935
306.81499
311.73754
305.60128
305.9099
313.71781
309.22844
304.3133
304.82129
304.6986
305.89232
313.746
313.73197
304.96253
303.92788
309.82894
311.5379
310.55818
310.10336
309.00556
312.47488
304.44038
301.66554
302.89947
307.57776
304.19446
304.15517
304.57044
308.71022
308.98478
308.76755
309.16122
307.74454
307.73196
307.9082
309.47792
308.69971
309.8834
308.63725
308.25323
309.75909
310.04783
309.74873
310.58509
308.78077
315.65831
310.22012
310.27698
312.93264
313.19422
310.08435
305.39559
306.99256
310.0423
309.09413
310.86483
310.27855
304.14337
304.66208
304.35713
307.33068
306.95628
305.28653
305.12016
308.46145
307.57786
308.61397
307.58743
307.13314
308.10742
308.09215
302.52913
304.33136
312.38603
308.60673
309.49585
314.22151
307.98532
309.293
309.50934
309.6199
309.52486
307.48897
307.35334
307.3891
305.66324
309.21325
308.41069
305.78098
316.09662
313.43908
307.0931
308.72776
306.37481
309.77286
306.79237
308.0454
306.52621
308.89465
310.43373
309.50147
307.97676
307.4897
306.95987
309.49453
309.67555
305.87794
309.48321
306.2935
306.00529
305.85347
305.8306
305.92738
308.35772
308.13961
306.14312
311.8881
311.80993
304.95918
310.14354
304.70756
304.64558
309.9616
306.18625
306.52935
306.58997
311.1813
308.60395
307.45674
307.31266
308.49146
309.66436
310.42874
306.61093
306.8874
311.60472
306.42442
316.02199
305.55095
304.89368
309.70333
305.60991
310.00469
306.2145
307.58173
306.52786
308.3124
318.82652
306.29176
306.72621
309.13626
305.8303
308.70781
306.12321
311.14509
306.52618
305.7771
306.02329
312.78078
312.56148
313.82187
313.42145
312.66503
312.57006
314.13529
311.26568
307.02091
314.57532
305.52227
305.50153
306.79972
307.09591
306.55165
305.71916
313.65747
316.38774
306.81044
308.71135
313.85535
308.53887
313.03797
308.06276
311.01699
311.03963
312.01846
310.16644
312.86407
308.30328
311.0159
310.49123
309.08862
305.5323
306.20455
310.89724
309.95002
306.79234
307.36731
306.14525
307.34297
309.33013
307.15037
305.49751
305.82443
306.05247
307.27096
313.71738
309.33538
310.20315
310.74559
311.4367
310.0556
309.78351
309.97148
304.73099
304.71792
310.90045
305.51697
310.65578
306.13147
310.5467
305.69515
307.5122
306.2998
304.60245
303.75324
306.23303
305.10652
305.14255
305.07513
305.77346
304.77799
306.22487
305.23723
310.68534
309.80003
310.94032
309.95133
315.07033
308.22219
306.47184
311.98878
313.16473
305.58796
304.50603
309.44181
312.7002
311.75259
303.85339
301.97531
303.2985
306.64421
308.33611
308.63009
308.53595
308.89776
307.90537
313.8648
310.74236
305.91378
306.21828
304.63789
306.72617
308.54126
307.56821
304.8906
308.59886
306.41617
308.57735
308.58687
303.56176
304.69783
312.62577
307.98146
309.05449
313.26661
307.29335
308.04709
307.55702
306.18381
312.38277
313.2295
306.40035
308.57279
307.92749
309.06574
308.04994
309.39972
307.52679
309.34879
307.39123
305.91
308.36451
308.83912
307.69855
312.85777
313.53172
304.93844
308.92227
304.97027
304.67472
309.69909
306.22663
306.25143
306.2719
311.4042
306.55211
307.42933
306.94857
307.86331
308.4008
307.26744
306.5151
306.55374
312.21271
306.91044
307.11415
305.66682
304.87157
310.52438
305.70486
310.62335
306.08162
307.62955
315.12008
308.09827
319.23692
307.25134
306.91617
307.10446
314.24039
317.04854
310.02519
312.52352
305.56259
306.74093
306.39253
305.56905
313.38131
314.99448
306.94792
309.10401
315.44936
308.93372
313.0888
307.22767
310.21851
311.07494
311.47789
311.06953
312.84222
307.48493
307.39173
307.94001
309.81809
306.66208
306.34307
308.601
312.08704
310.29727
309.20515
304.50194
304.56342
312.07198
305.41409
312.04929
306.70235
311.63143
305.38238
305.42202
312.63779
308.67163
303.89824
304.66154
304.35012
305.49951
313.20873
313.02661
304.73915
303.87832
309.31423
311.16718
310.09037
309.69789
308.53325
311.65146
304.11421
301.58039
302.9382
307.31214
303.94444
303.97754
304.24824
307.78924
307.97232
307.81399
308.0892
306.97594
307.07995
307.12106
308.6044
307.96682
308.93764
307.88043
307.55713
308.84304
308.85822
308.61934
309.52153
308.57234
315.29962
310.02178
309.87335
312.606
312.42255
309.34206
305.02973
306.53514
309.8152
308.78376
310.37957
309.74627
303.87381
304.55146
304.0244
307.01273
306.58665
304.80862
305.03892
308.07958
307.22063
308.38456
307.16221
306.90172
307.59136
307.66417
302.49559
304.11672
311.67383
308.42372
308.90738
313.84806
307.88705
309.11228
309.2798
309.45342
309.38292
307.24015
307.06656
307.20069
305.57629
308.86519
307.90676
305.56218
315.73692
312.83686
306.96976
308.44418
306.15215
309.725
306.31443
307.68227
306.27853
308.69299
310.17702
309.1385
307.76239
307.19047
306.60532
309.11411
309.30452
305.70217
309.19823
306.048
305.74369
305.65852
305.58429
305.89148
308.00846
307.56694
305.87527
311.75
311.33259
304.68694
309.61249
304.5025
304.38448
309.65251
305.97045
306.21412
306.31616
310.85261
308.65459
307.03885
307.05961
308.08564
309.6318
310.37051
306.22752
306.48822
310.99849
306.12894
315.27472
305.29113
304.72982
309.24613
305.39924
309.64442
305.93295
307.22669
306.32328
307.94751
317.52991
306.00263
306.39917
308.54869
305.6697
308.41113
305.60957
310.60108
306.08813
305.26119
305.58761
311.70723
311.59549
312.87619
312.55891
311.59793
311.47985
313.16769
310.30342
306.78115
313.8506
305.16583
305.15007
306.57119
306.72476
306.29712
305.18376
313.14144
315.90978
306.64531
308.49829
313.4461
308.33473
312.50472
307.7703
310.76517
310.89114
311.72822
310.02184
311.7806
308.06576
310.70543
310.23289
308.7671
305.166
305.90094
309.91375
309.93082
306.32699
306.84112
305.71481
306.82004
308.78603
306.84747
305.26859
305.64201
305.82145
306.99896
313.1527
309.07668
309.50763
309.89237
310.87261
309.5827
308.9672
308.93441
304.53505
304.50997
310.56375
305.41615
310.22743
306.02109
310.45174
305.4619
307.19095
305.83499
304.21626
303.45888
306.11682
304.78347
304.60783
304.52698
305.46787
304.37591
306.01227
304.85874
309.61148
308.98927
310.44472
309.2751
314.2238
307.66272
306.23857
311.43408
312.30714
305.43943
304.4562
308.84775
312.26425
310.60333
303.59287
301.89464
303.27933
306.2316
307.45882
307.66615
307.65155
307.88895
307.78797
313.47909
310.30182
305.67937
306.01989
304.28252
306.2366
307.78186
307.21595
304.68547
308.33492
305.99823
307.96639
308.04569
303.35314
304.53749
312.02356
307.69333
308.2485
312.57401
307.19615
307.60729
307.20024
306.16526
311.89114
312.85838
306.31817
308.07842
307.899
308.47862
307.60907
309.01649
307.25755
309.22039
307.06519
305.83869
307.92631
308.32629
307.52931
312.28755
313.1053
304.73506
308.60964
304.81791
304.45094
309.38613
305.90381
305.9264
305.99285
310.99674
306.35224
306.9472
306.6703
307.40587
308.24268
306.97029
306.0851
306.16361
311.40486
306.49328
306.768
305.32654
304.69102
309.88013
305.43499
310.21796
305.77689
307.27495
313.6229
307.68772
317.89312
306.8134
306.56368
306.68068
312.97259
316.09381
309.12703
311.39265
305.16307
306.27534
306.11473
305.03651
312.67462
314.42813
306.73617
308.90257
315.00327
308.74717
312.58132
306.79888
309.94531
310.82536
311.10067
310.91647
311.81231
307.06854
307.31213
307.73755
309.26833
306.38929
306.11837
308.21365
311.57449
309.56358
308.46981
304.25393
304.28501
311.5769
305.27796
311.34761
306.57531
311.51075
305.13631
304.88156
311.4841
308.07303
303.4548
304.48395
303.97026
305.07441
312.63027
312.26507
304.49315
303.8215
308.75976
310.76429
309.58428
309.25605
308.0194
310.75974
303.75554
301.48662
302.97437
307.02105
303.67186
303.78389
303.89913
306.78425
306.87702
306.77756
306.93595
306.13442
306.366
306.25908
307.65587
307.16813
307.91467
307.05216
306.79327
307.85202
307.5841
307.40599
308.38141
308.34564
314.91065
309.80339
309.43246
312.24901
311.59133
308.53578
304.62897
306.03849
309.56607
308.44338
309.85225
309.16729
303.58359
304.43096
303.66312
306.6661
306.18071
304.29333
304.94788
307.66333
306.8307
308.13304
306.69964
306.6454
307.01987
307.19339
302.45433
303.88244
310.9003
308.22482
308.27166
313.44173
307.77883
308.90932
309.02377
309.26656
309.22213
306.96915
306.7535
306.9925
305.47455
308.48668
307.35798
305.32251
315.34808
312.18632
306.83217
308.1355
305.90749
309.66812
305.79507
307.28867
306.00857
308.46572
309.89089
308.73539
307.52607
306.86535
306.21728
308.69606
308.89664
305.50681
308.88346
305.78049
305.45969
305.445
305.31572
305.84804
307.62911
306.94969
305.58237
311.59685
310.81364
304.39103
309.03384
304.2779
304.09975
309.315
305.73148
305.87251
306.01594
310.48999
308.70192
306.58803
306.7831
307.64516
309.58373
310.30019
305.8153
306.06026
310.33863
305.80644
314.47027
305.00649
304.54882
308.74633
305.1667
309.25171
305.62675
306.84416
306.09049
307.55138
316.15048
305.68778
306.04656
307.92199
305.48655
308.09173
305.05528
309.95559
305.61725
304.69863
305.11796
310.55846
310.55437
311.86135
311.63362
310.4551
310.31406
312.12805
309.26755
306.5127
313.05799
304.77921
304.7673
306.31909
306.31997
306.02036
304.60671
312.58574
315.39619
306.46393
308.26453
313.00277
308.11188
311.92601
307.45559
310.49373
310.72426
311.414
309.86406
310.616
307.80246
310.36269
309.94547
308.41803
304.76506
305.56738
308.85592
309.90502
305.82039
306.26877
305.248
306.26212
308.20435
306.52132
305.01728
305.44176
305.56963
306.70163
312.53955
308.79108
308.7519
308.97459
310.26373
309.06682
308.08171
307.8218
304.32137
304.28043
310.19681
305.30514
309.7609
305.89871
310.34561
305.20934
306.848
305.33581
303.79215
303.13581
305.98715
304.43598
304.03406
303.93866
305.13207
303.94114
305.77762
304.44271
308.45869
308.11038
309.90631
308.54129
313.31829
307.06214
305.98374
310.83477
311.38378
305.27412
304.39701
308.20773
311.79199
309.37101
303.30995
301.80455
303.25449
305.77977
306.50138
306.62248
306.68418
306.79888
307.66015
313.06016
309.82395
305.42433
305.80384
303.89597
305.70812
306.96222
306.8371
304.46172
308.04616
305.53103
307.29423
307.4621
303.12631
304.3613
311.37154
307.38448
307.37584
311.82443
307.08793
307.12668
306.81034
306.14026
311.35851
312.45482
306.22429
307.54105
307.86458
307.84281
307.13403
308.60328
306.96586
309.07367
306.7105
305.75683
307.44713
307.77419
307.34364
311.67264
312.64322
304.51129
308.26567
304.64859
304.2055
309.04407
305.55125
305.57475
305.68518
310.55017
306.13556
306.42901
306.36731
306.91117
308.06418
306.65133
305.62436
305.7442
310.53294
306.04462
306.39694
304.95797
304.49238
309.18197
305.14011
309.77736
305.44568
306.89177
312.04363
307.24254
316.46529
306.34007
306.18475
306.22328
311.6289
315.07155
308.18576
310.17074
304.72719
305.77268
305.81439
304.46474
311.91613
313.81872
306.50532
308.68195
314.52064
308.54386
312.03003
306.33752
309.6495
310.54792
310.69313
310.7504
310.70528
306.61703
307.22291
307.51543
308.68189
306.09558
305.87357
307.78806
311.01762
308.76837
307.67108
303.9848
303.9811
311.04238
305.1297
310.5915
306.4355
311.37698
304.86765
304.3029
310.32014
307.46414
303.00658
304.29379
303.57686
304.63802
312.03912
311.48593
304.2343
303.75701
308.1918
310.34764
309.0666
308.79945
307.49012
309.84809
303.38205
301.38644
303.00189
306.71599
303.38792
303.58141
303.53902
305.74768
305.75967
305.71402
305.76736
305.26235
305.62595
305.36623
306.684
306.34493
306.87116
306.19461
305.99902
306.83931
306.29982
306.17839
307.23025
308.10903
314.50863
309.57286
308.9748
311.87779
310.74446
307.70708
304.2106
305.52602
309.30615
308.08904
309.30791
308.5709
303.28581
304.30387
303.29281
306.30636
305.7565
303.76737
304.84921
307.23308
306.42683
307.8698
306.22264
306.37305
306.41813
306.70033
302.40439
303.63885
310.1019
308.01788
307.62062
313.02067
307.6636
308.68954
308.74967
309.06423
309.04561
306.68692
306.42725
306.77146
305.35862
308.09466
306.79011
305.07105
314.94776
311.52006
306.68346
307.81488
305.64994
309.60092
305.25909
306.88285
305.72773
308.21933
309.58511
308.30814
307.27616
306.52826
305.81227
308.25901
308.46999
305.29872
308.55167
305.50213
305.16552
305.22105
305.0361
305.79492
307.2371
306.31908
305.2768
311.43279
310.27815
304.08496
308.43505
304.04266
303.80377
308.9641
305.478
305.52008
305.70167
310.10806
308.73749
306.12598
306.49418
307.19022
309.51494
310.21576
305.39403
305.62466
309.65763
305.47099
313.65026
304.7091
304.35699
308.22764
304.92132
308.84496
305.30897
306.45178
305.83685
307.14189
314.76474
305.36056
305.68464
307.28855
305.28628
307.7646
304.48819
309.22207
305.13708
304.11611
304.63737
309.39863
309.49454
310.8316
310.69525
309.29973
309.13805
311.07126
308.21466
306.22545
312.23363
304.38037
304.37066
306.05315
305.8999
305.73346
304.01769
312.0182
314.87265
306.27262
308.01904
312.54586
307.87934
311.33019
307.13349
310.21459
310.54318
311.08953
309.69894
309.43404
307.52317
310.00123
309.63944
308.05691
304.34697
305.21748
307.78199
309.86978
305.29644
305.67732
304.76777
305.69784
307.61445
306.18667
304.75343
305.23092
305.30736
306.39216
311.90748
308.48973
307.97391
308.04204
309.64171
308.53292
307.17393
306.69665
304.09896
304.03831
309.81655
305.18714
309.27821
305.768
310.23103
304.94878
306.50017
304.82747
303.34953
302.79793
305.84744
304.08097
303.45154
303.34139
304.78059
303.49481
305.52993
304.00783
307.29171
307.20998
309.3519
307.78789
312.40114
306.45249
305.71869
310.2221
310.44176
305.09668
304.32664
307.55345
311.30629
308.12357
303.01703
301.7065
303.22228
305.30856
305.51376
305.55666
305.68316
305.68823
307.52195
312.62697
309.33195
305.15945
305.57891
303.49599
305.16713
306.12561
306.44996
304.22883
307.74537
305.03229
306.5917
306.86655
302.89055
304.1759
310.70178
307.06949
306.48042
311.05616
306.971
306.62733
306.40458
306.10559
310.81041
312.03752
306.1191
306.98607
307.82276
307.18974
306.64792
308.17971
306.66425
308.91091
306.34286
305.66442
306.94862
307.21021
307.148
311.0436
312.16719
304.27595
307.90289
304.46773
303.94861
308.68875
305.1845
305.21268
305.36147
310.08391
305.91111
305.90039
306.05234
306.40293
307.86903
306.32576
305.15549
305.31623
309.64258
305.58673
306.0194
304.57837
304.28303
308.46551
304.83324
309.32278
305.10227
306.49753
310.47438
306.78405
315.03315
305.85417
305.79709
305.75414
310.286
314.0358
307.25532
308.92281
304.27503
305.25817
305.50524
303.8837
311.14571
313.19694
306.26496
308.4505
314.02377
308.33186
311.46174
305.86652
309.34394
310.25268
310.27435
310.57772
309.58143
306.15189
307.12564
307.28206
308.08896
305.7942
305.61858
307.34332
310.44407
307.95336
306.85091
303.70662
303.66534
310.49423
304.97501
309.82045
306.2879
311.23378
304.58785
303.71683
309.26072
306.90222
302.59524
304.10338
303.20372
304.22921
311.49004
310.76279
303.98316
303.68482
307.66281
309.95305
308.58451
308.36953
306.99435
309.00463
303.02526
301.28486
303.00963
306.42128
303.11627
303.38484
303.19935
304.78566
304.73575
304.73235
304.70428
304.44686
304.93238
304.53187
305.78689
305.5789
305.91298
305.39315
305.25279
305.90724
305.13895
305.06382
306.18527
307.88227
314.1266
309.34743
308.54199
311.52387
309.96423
306.93759
303.8115
305.04463
309.05572
307.75138
308.7981
308.01367
303.00595
304.17857
302.946
305.96467
305.35177
303.28121
304.74769
306.82783
306.04588
307.61544
305.7756
306.10473
305.84143
306.22924
302.3437
303.40655
309.35458
307.8177
307.01638
312.62037
307.54742
308.46649
308.47705
308.85822
308.86204
306.41528
306.11427
306.55246
305.233
307.72266
306.25558
304.8267
314.56962
310.90015
306.53101
307.50844
305.39892
309.52219
304.75618
306.50036
305.45854
307.97043
309.28185
307.89303
307.03041
306.20656
305.42499
307.84147
308.06137
305.09337
308.22976
305.23508
304.88513
305.00326
304.76784
305.72935
306.86676
305.73478
304.98381
311.26734
309.77454
303.79515
307.87261
303.81522
303.52129
308.62958
305.22916
305.18707
305.39879
309.73786
308.74736
305.6943
306.21528
306.76061
309.42101
310.11578
305.00101
305.22059
309.02007
305.15084
312.89339
304.42347
304.16749
307.73773
304.68211
308.46045
305.00552
306.08277
305.58243
306.75427
313.51265
305.04799
305.34416
306.7072
305.08361
307.45739
303.96169
308.45562
304.69119
303.56814
304.18965
308.34542
308.52319
309.88806
309.83657
308.24844
308.07164
310.10138
307.25131
305.94241
311.45177
304.00465
303.99529
305.79376
305.50164
305.45992
303.47297
311.49186
314.3872
306.08388
307.78003
312.11529
307.65471
310.77253
306.83155
309.94993
310.35809
310.78108
309.53775
308.35428
307.24973
309.65039
309.33852
307.71384
303.9486
304.88047
306.80069
309.82089
304.80344
305.12192
304.31863
305.17938
307.07058
305.87104
304.49768
305.02425
305.0552
306.09705
311.31417
308.19618
307.24939
307.1878
309.06681
308.03056
306.33494
305.67441
303.8854
303.80253
309.45569
305.069
308.82324
305.63674
310.11368
304.70164
306.17789
304.35721
302.92887
302.47436
305.70522
303.74982
302.91599
302.79257
304.44326
303.07791
305.28821
303.59319
306.23005
306.37841
308.83389
307.0887
311.56139
305.89259
305.46354
309.65425
309.57475
304.918
304.24472
306.94716
310.84988
306.99035
302.73867
301.60461
303.17844
304.86112
304.59623
304.57819
304.75036
304.67143
307.3853
312.21643
308.8712
304.9053
305.36218
303.11825
304.66439
305.35432
306.08947
304.00552
307.45777
304.54655
305.92537
306.31523
302.6645
303.99418
310.07625
306.77501
305.65006
310.34277
306.85074
306.15467
306.01849
306.05601
310.29605
311.64181
306.00538
306.46462
307.77132
306.5812
306.19484
307.78314
306.37694
308.73938
305.99354
305.56302
306.47593
306.68637
306.9547
310.45869
311.71929
304.04762
307.55181
304.2875
303.70101
308.35057
304.83528
304.87166
305.04838
309.63833
305.69612
305.40994
305.75094
305.92729
307.6682
306.02167
304.72076
304.91816
308.82139
305.16153
305.66941
304.22118
304.07809
307.79979
304.54047
308.89567
304.77532
306.12618
309.07468
306.35364
313.74118
305.3999
305.43412
305.31564
309.0801
313.08766
306.42496
307.77513
303.84787
304.78004
305.21349
303.34924
310.43821
312.62119
306.03374
308.22482
313.55548
308.12698
310.9289
305.42905
309.05325
309.96221
309.88076
310.41061
308.55397
305.71513
307.02357
307.05444
307.5448
305.50976
305.37295
306.91898
309.90797
307.19935
306.09119
303.44275
303.36486
309.9823
304.82478
309.10887
306.14264
311.08943
304.31974
303.17971
308.50272
306.48528
302.29005
303.93735
302.91363
303.91702
311.07642
310.22437
303.77716
303.60563
307.26269
309.64373
308.22099
308.03912
306.61856
308.38545
302.74588
301.19102
302.98238
306.18058
302.89819
303.22026
302.93537
304.08596
304.00111
304.0223
303.94769
303.84581
304.41583
303.91766
305.13501
305.01488
305.22193
304.80152
304.69743
305.23295
304.32001
304.27329
305.44276
307.69748
313.82188
309.1573
308.20683
311.24286
309.39182
306.37057
303.50033
304.67796
308.85211
307.4856
308.41096
307.59506
302.78682
304.06844
302.6839
305.69522
305.03539
302.92052
304.6524
306.51716
305.75258
307.40637
305.43615
305.87878
305.39709
305.86202
302.27179
303.22155
308.79396
307.64986
306.56482
312.30339
307.44101
308.26715
308.24362
308.67162
308.68946
306.19318
305.86256
306.36351
305.1093
307.42988
305.84903
304.62445
314.27157
310.4336
306.38874
307.26221
305.19027
309.43111
304.37511
306.20339
305.24079
307.75262
309.02369
307.55985
306.82185
305.94881
305.11998
307.51328
307.73756
304.92004
307.96694
305.01884
304.66087
304.82145
304.55115
305.64757
306.57792
305.30024
304.74881
311.11795
309.38796
303.56763
307.44518
303.62853
303.29653
308.36373
305.02089
304.92665
305.15362
309.43667
308.70977
305.36525
305.98703
306.4268
309.30102
310.00045
304.70058
304.91472
308.54006
304.89597
312.33503
304.19344
304.00455
307.3614
304.48351
308.16186
304.76245
305.79466
305.36821
306.45033
312.62963
304.79769
305.07814
306.2774
304.90854
307.21776
303.56816
307.79451
304.35267
303.15212
303.84957
307.59579
307.82464
309.20269
309.21507
307.49697
307.31488
309.39639
306.55888
305.7085
310.84664
303.71453
303.70386
305.57827
305.19067
305.24093
303.06904
311.09855
314.02143
305.91957
307.58023
311.78
307.46907
310.35031
306.59696
309.73784
310.18884
310.5341
309.40028
307.5799
307.0234
309.36553
309.0883
307.44168
303.63811
304.61099
306.09577
309.75234
304.42808
304.70215
303.97793
304.79491
306.66472
305.62193
304.28807
304.8485
304.84972
305.86331
310.85989
307.95361
306.71219
306.56932
308.64249
307.64739
305.72294
304.94718
303.71119
303.60782
309.17172
304.96229
308.47314
305.51898
310.00421
304.50451
305.93223
304.00554
302.60396
302.21837
305.57458
303.49535
302.52104
302.38849
304.17412
302.76161
305.08681
303.26988
305.47396
305.77221
308.44358
306.57205
310.94817
305.4817
305.25539
309.23072
308.94068
304.75945
304.15314
306.49585
310.4979
306.18372
302.51826
301.50701
303.11858
304.51523
303.92687
303.87385
304.06851
303.9425
307.26312
311.89306
308.52015
304.69827
305.18353
302.82662
304.28765
304.79091
305.81423
303.82459
307.22799
304.16449
305.42061
305.90479
302.48113
303.84027
309.60345
306.54579
305.04069
309.81188
306.73692
305.7909
305.71619
305.98365
309.9011
311.32961
305.8898
306.06811
307.70735
306.12605
305.85112
307.47828
306.14619
308.57487
305.71854
305.45705
306.1109
306.2926
306.7858
310.018
311.37236
303.85965
307.2681
304.1307
303.49987
308.08268
304.56067
304.60664
304.79572
309.28618
305.52027
305.04163
305.50878
305.56539
307.48481
305.78668
304.3926
304.61595
308.22041
304.84074
305.40474
303.94493
303.90515
307.30531
304.30802
308.56841
304.51633
305.83722
308.10294
306.02393
312.83201
305.0546
305.15344
304.98219
308.23581
312.4003
305.82992
306.94727
303.51965
304.42162
304.98432
302.95596
309.92185
312.19187
305.84472
308.03451
313.18971
307.95704
310.52408
305.09927
308.82011
309.71984
309.57525
310.2701
307.81537
305.3808
306.92307
306.86298
307.14272
305.28466
305.17153
306.58734
309.50462
306.64658
305.53457
303.23389
303.12784
309.59262
304.69801
308.58497
306.01797
310.95906
304.10366
302.78513
)
;

boundaryField
{
    sides
    {
        type            zeroGradient;
    }
    buildings_to_air
    {
        type            compressible::CFDHAMsolidTemperatureCoupledMixed;
        refValue        uniform 0;
        refGradient     nonuniform List<scalar> 
364
(
206.85215
117.86565
78.201583
29.617654
58.110982
73.266568
136.23981
146.46401
40.961029
10.322102
105.42092
87.597721
111.35842
92.274577
94.646463
154.4511
52.752078
17.029123
-9.7197675
53.625299
45.131291
35.711543
57.300634
122.73002
137.71329
128.38349
148.05183
103.63463
96.569207
106.24869
132.63645
112.94139
144.95964
110.29122
100.7698
140.18636
169.03634
159.26561
170.60676
59.685864
99.299716
52.650666
86.142044
88.293057
160.48472
125.79012
59.899667
81.081256
62.710607
72.008127
106.39396
110.11668
54.021696
30.284796
68.472447
65.503625
65.262488
82.769803
21.47193
83.600512
76.098095
53.497907
84.627485
42.992723
79.295634
73.37521
5.3691965
46.908464
127.8765
52.038005
112.97222
93.836288
31.938315
34.5705
43.595503
33.449875
27.690344
54.537259
58.21587
39.086841
15.305274
75.30644
90.818293
43.284569
106.84907
132.97188
26.194481
64.55295
43.754618
11.883693
83.209194
78.480909
53.688766
37.167061
49.466303
63.336319
45.444049
62.536467
65.411107
74.074619
73.226646
36.055944
58.740041
52.856041
54.936617
41.889325
50.132209
6.218001
75.597515
105.93368
52.381854
39.313334
103.08903
55.497781
99.742341
41.143554
49.31706
71.978507
40.937582
66.701071
53.543499
65.707761
-15.026419
85.691479
52.58253
81.688937
1.4497245
10.838773
79.697757
87.285344
119.07053
60.055672
181.4738
50.179529
32.460202
88.803837
41.409618
84.059265
56.16164
75.97254
37.471709
75.550108
328.6184
56.845254
69.835914
124.67316
30.218906
74.878189
87.025869
68.514334
84.716217
78.222763
77.600883
203.57367
181.61446
192.71136
189.34126
193.93433
195.0776
184.54433
164.04842
47.276867
137.7001
65.258631
62.120231
47.246305
72.331959
57.882964
87.162153
147.78128
145.14938
38.350826
49.428036
101.22003
54.862839
125.91001
78.218315
78.255624
36.424998
81.921016
51.8447
190.75154
54.035416
70.532851
56.815464
71.837078
60.945899
54.091374
165.8323
3.3598864
79.278989
88.358813
77.503102
104.13001
117.68705
68.011287
43.691208
38.336675
49.138573
59.49365
123.25082
56.501078
121.90761
155.20697
125.32345
97.116336
136.35223
164.37528
43.1976
39.311496
79.179789
28.238788
91.194321
27.403572
29.844537
52.808916
85.934736
89.376095
59.041581
46.97912
28.757093
66.449196
85.611156
85.38553
54.354723
68.651503
44.017823
60.10292
172.60554
134.98912
107.35192
123.67497
190.89726
120.93242
50.191474
133.31856
165.9794
28.777908
8.5469088
115.36653
106.05219
187.5206
47.760489
15.016277
3.157241
70.20939
117.08377
131.10892
117.22254
137.63265
34.42912
95.979551
104.73455
49.00106
47.884521
59.599168
89.265206
123.05291
86.282627
45.440422
63.994156
60.693119
93.584389
108.44199
39.986303
33.981301
121.52844
79.306618
125.63419
142.43048
25.112294
80.106252
68.636493
1.6044369
110.00821
91.073109
16.071648
91.873093
7.5848315
106.31625
91.497127
90.589411
61.887411
24.736655
66.278935
13.852608
79.836659
102.82258
41.99338
129.89199
105.12798
40.699362
59.221132
29.953411
43.197262
72.848119
60.728343
67.81924
51.178888
80.999317
48.406928
95.561725
57.216466
88.835999
29.987537
73.7984
86.313322
82.769877
155.20177
88.27682
86.74593
65.478257
35.77482
122.18259
54.062314
95.636706
58.812327
74.817697
309.18396
84.863435
342.47838
84.885983
75.165627
83.591463
277.09387
235.73845
200.27287
179.07302
66.628045
90.11921
62.960652
87.683189
182.33038
155.33627
52.23515
50.997825
116.98414
55.962639
120.05768
89.253598
72.486914
56.242758
95.804479
60.013801
185.68961
80.51735
21.786994
45.789924
128.178
63.985532
49.101577
73.412306
118.98789
133.68341
123.99215
51.024383
51.846195
115.26
39.856375
146.19453
39.695279
41.716402
49.407141
89.042647
)
;
        valueFraction   uniform 0;
        value           nonuniform List<scalar> 
364
(
317.26112
311.04278
305.67348
305.31742
305.80961
307.16179
315.48564
316.00218
305.65897
304.07823
311.4966
312.7179
312.06468
311.38399
310.50284
315.11344
305.46753
301.93361
302.75785
308.41611
304.99286
304.72347
305.60625
311.59029
312.19212
311.76888
312.58927
310.1364
309.75872
310.35909
312.23759
311.00258
312.88905
310.99566
310.41333
312.66829
313.87985
313.37013
314.02047
309.44286
316.8112
310.83836
311.54219
313.96288
315.68652
312.43289
306.54982
308.45717
310.75494
310.06284
312.39992
311.96016
305.02193
305.01437
305.41293
308.33903
308.10709
306.82122
305.36845
309.66483
308.6996
309.33402
308.93136
307.85192
309.70094
309.42928
302.62124
305.00848
314.65061
309.19674
311.38935
315.40815
308.29699
309.84128
310.21101
310.12555
309.95078
308.28511
308.26572
307.978
305.91135
310.32507
310.01349
306.47576
317.26008
315.37716
307.47374
309.63316
307.07607
309.90871
308.31908
309.21204
307.31629
309.50183
311.21887
310.61464
308.6489
308.45029
308.08192
310.67753
310.82983
306.41815
310.36342
307.07627
306.84518
306.47017
306.61505
306.02694
309.47401
309.99101
306.98911
312.3167
313.32627
305.82665
311.827
305.35444
305.47494
310.93603
306.85448
307.54408
307.45348
312.20292
308.41613
308.81069
308.11835
309.79293
309.71744
310.58914
307.86338
308.19669
313.52284
307.3594
318.43936
306.36741
305.40392
311.13881
306.26323
311.14192
307.11574
308.7382
307.13095
309.4802
323.11894
307.21384
307.78956
311.08085
306.30312
309.67764
307.77926
312.58873
307.94822
307.40765
307.43196
316.27398
315.66717
316.89298
316.22424
316.13377
316.12324
317.27514
314.36276
307.74718
316.85305
306.66467
306.61831
307.51075
308.27064
307.36553
307.44619
315.32936
317.94393
307.33109
309.38208
315.17018
309.18768
314.7349
309.017
311.83888
311.4911
312.95643
310.63024
316.36109
309.03762
311.98194
311.28502
310.12046
306.68938
307.15953
314.05867
309.99381
308.27285
309.04662
307.51877
309.07337
311.12336
308.13837
306.21838
306.40052
306.78937
308.12854
315.51201
310.13727
312.41037
313.49212
313.24621
311.54342
312.36769
313.31513
305.35258
305.36283
311.97001
305.83366
312.01178
306.47349
310.83977
306.44516
308.57685
307.81564
305.80472
304.67347
306.58981
306.15661
306.87894
306.85289
306.72651
306.07109
306.88415
306.41542
314.14711
312.37037
312.51212
312.09386
317.84743
310.04837
307.2167
313.77415
315.9318
306.04832
304.64678
311.36015
314.09763
315.4795
304.69045
302.22718
303.34897
307.94183
311.08144
311.68387
311.29206
312.09962
308.27112
315.09709
312.1475
306.66543
306.85242
305.76981
308.30246
310.97991
308.71148
305.54033
309.42696
307.69027
310.48363
310.33566
304.22894
305.20255
314.55976
308.92994
311.64049
315.48262
307.59536
309.43586
308.68551
306.22582
313.95621
314.41479
306.64589
310.14961
308.00706
310.94916
309.48213
310.64441
308.39624
309.72888
308.43319
306.12285
309.74783
310.50357
308.23502
314.69881
314.89756
305.57263
309.88706
305.43997
305.37648
310.6867
307.24906
307.30063
307.14268
312.68329
307.19594
309.00299
307.83894
309.33905
308.88134
308.23947
307.92899
307.82593
314.80743
308.26779
308.24992
306.75943
305.43822
312.57739
306.55641
311.91002
307.06046
308.77968
320.13934
309.41551
323.69977
308.66385
308.07012
308.47955
318.45535
320.17115
313.07539
316.14643
306.82623
308.24131
307.28993
307.30046
315.68312
316.83113
307.62376
309.74205
316.88913
309.52999
314.7018
308.62148
311.10148
311.84188
312.69718
311.56526
316.16743
308.81925
307.63809
308.57914
311.6379
307.55289
307.06121
309.80748
313.71598
312.62598
311.52706
305.29636
305.44289
313.66753
305.85062
314.3136
307.10425
312.00761
306.16201
307.18815
)
;
        qrNbr           qr;
        qsNbr           qs;
    }
    interior
    {
        type            compressible::CFDHAMsolidTemperatureTransferCoeffInterior;
        refValue        uniform 0;
        refGradient     nonuniform List<scalar> 
364
(
-9.0764111
-7.8874331
-5.4032273
-6.3788758
-5.7697428
-6.3653879
-10.610317
-10.099095
-6.2839495
-6.1864051
-8.3464473
-9.7609661
-8.9186318
-8.8106804
-7.9660914
-9.0079574
-5.6704421
-4.7561142
-5.8159216
-7.7074422
-5.7628147
-5.9557321
-5.7840156
-6.4561344
-6.4060303
-6.4185454
-6.37449
-6.3150591
-6.6551503
-6.3574692
-7.0798883
-7.0097414
-7.1311759
-6.882181
-6.8207235
-7.1376668
-6.5949027
-6.5673202
-7.2623068
-8.6143174
-12.239025
-9.4776024
-8.9082337
-10.712419
-9.606498
-7.8138557
-6.1163957
-6.8140465
-9.2976858
-8.4842261
-9.0294513
-8.5448937
-5.6985742
-6.4645391
-5.6395363
-7.4207698
-7.0268093
-5.774621
-6.8109871
-7.9090808
-7.4561081
-8.4372634
-7.2667094
-7.5272071
-7.2363578
-7.5142541
-5.3948
-5.9590986
-9.2480729
-8.5854058
-7.9320506
-11.337353
-8.4654052
-8.9419307
-8.9274306
-9.1828718
-9.1931458
-7.7166544
-7.5190648
-7.8170491
-7.0740681
-8.4478829
-7.5072258
-6.7860995
-12.507391
-10.225256
-7.8336223
-8.3503271
-7.1209167
-9.6416692
-6.6346113
-7.7219447
-7.1531421
-8.6366798
-9.3897329
-8.5197682
-8.0887304
-7.5711179
-7.0771463
-8.4954124
-8.6287129
-6.9631012
-8.7660526
-7.021615
-6.8087845
-6.9050416
-6.743443
-7.3950602
-7.9438725
-7.1827961
-6.859647
-10.63995
-9.6066422
-6.1617016
-8.4526447
-6.1977224
-5.9995751
-9.0034911
-7.0207294
-6.966202
-7.0992311
-9.6340041
-9.2083028
-7.2243932
-7.5934488
-7.8522167
-9.5537618
-9.9721315
-6.8313192
-6.9591639
-9.1020881
-6.9480691
-11.353723
-6.531366
-6.4207615
-8.4049777
-6.7040755
-8.8840456
-6.8679088
-7.4796739
-7.2261742
-7.8675225
-11.528068
-6.8887054
-7.0556963
-7.7638344
-6.9553797
-8.3253531
-6.156469
-8.6566386
-6.6242147
-5.908512
-6.3245081
-8.5405032
-8.6758364
-9.4937095
-9.5035841
-8.4804087
-8.3720905
-9.6054778
-7.9239764
-7.4293242
-10.466389
-6.245514
-6.2385391
-7.3533413
-7.1211445
-7.1544004
-5.860368
-10.627502
-12.359758
-7.5577258
-8.540009
-11.026247
-8.4778677
-10.179293
-7.9598559
-9.8233961
-10.088154
-10.292729
-9.6277152
-8.5287397
-8.2104969
-9.5961543
-9.4314549
-8.455713
-6.198268
-6.7755324
-7.6503374
-9.8337376
-6.6654723
-6.8267509
-6.4010754
-6.8850487
-7.9935117
-7.3786334
-6.586594
-6.9208913
-6.9210763
-7.5225483
-10.47867
-8.7599727
-8.0167454
-7.9330137
-9.1657891
-8.575818
-7.4304915
-6.9692112
-6.2490822
-6.1850303
-9.4814998
-6.9953923
-9.0651912
-7.3226351
-9.9835819
-6.7184203
-7.5658645
-6.4181316
-5.5855752
-5.3587863
-7.3562214
-6.1183964
-5.5358181
-5.4568042
-6.518472
-5.6801696
-7.0626858
-5.9802565
-7.2809051
-7.4594105
-9.0481049
-7.9356078
-10.529224
-7.2944366
-7.1614387
-9.5165305
-9.3369007
-6.8663711
-6.5082725
-7.8913469
-10.267078
-7.7004268
-5.5381729
-4.9415457
-5.8975675
-6.7175775
-6.3622043
-6.3309042
-6.4458292
-6.3714335
-8.3586129
-11.093761
-9.0960916
-6.8309156
-7.1218803
-5.7185366
-6.583977
-6.8777936
-7.4946191
-6.3159186
-8.3327316
-6.5067608
-7.2494459
-7.5428225
-5.5174889
-6.3243447
-9.7308112
-7.9300264
-7.0239034
-9.8551638
-8.0439532
-7.4736532
-7.4310533
-7.5969059
-9.911052
-10.759677
-7.5369313
-7.6376201
-8.6233428
-7.670631
-7.511803
-8.47836
-7.6898068
-9.1260215
-7.4336578
-7.2809165
-7.6628401
-7.7719183
-8.0717388
-9.9802096
-10.784978
-6.3350409
-8.3497586
-6.495376
-6.121142
-8.8371661
-6.747052
-6.7762289
-6.8860356
-9.5440237
-7.3207489
-7.0314425
-7.3098143
-7.341133
-8.4785728
-7.4784157
-6.6476946
-6.7817461
-8.9110593
-6.9146986
-7.2523692
-6.3829761
-6.3613233
-8.3699537
-6.5996047
-9.1246416
-6.7208571
-7.5040844
-8.8416018
-7.61452
-11.647837
-7.0392137
-7.0996526
-6.9963938
-8.922778
-11.392395
-7.4973503
-8.1510562
-6.128354
-6.6648376
-7.0018854
-5.7934537
-9.9270831
-11.273128
-7.5132095
-8.8107852
-11.86224
-8.7688073
-10.282132
-7.0672419
-9.276227
-9.8063628
-9.7219123
-10.144752
-8.6688336
-7.2322631
-8.1557393
-8.114354
-8.2784605
-7.1800448
-7.1124571
-7.9466217
-9.6777583
-7.9795486
-7.3196534
-5.9643302
-5.8998691
-9.729441
-6.8383055
-9.1292957
-7.6204497
-10.550618
-6.4787995
-5.6923439
)
;
        valueFraction   uniform 0;
        value           nonuniform List<scalar> 
364
(
308.43423
306.43205
302.24877
303.89171
302.86596
303.869
311.01725
310.15638
303.73186
303.5676
307.20501
309.58699
308.16854
307.98675
306.5645
308.31896
302.69874
301.15906
302.94372
306.12895
302.8543
303.17916
302.89
304.02181
303.93744
303.95851
303.88433
303.78425
304.35694
303.85566
305.07218
304.95406
305.15855
304.73925
304.63576
305.16948
304.25549
304.20904
305.37937
307.65609
313.75991
309.10981
308.15103
311.18918
309.32687
306.30815
303.44971
304.62452
308.80684
307.43702
308.35515
307.53918
302.74612
304.03596
302.6467
305.64621
304.9828
302.87418
304.61937
306.4685
305.70572
307.35794
305.38678
305.82545
305.33567
305.80363
302.23458
303.18483
308.7233
307.6074
306.50718
312.24154
307.40532
308.20777
308.18335
308.6135
308.6308
306.14447
305.81173
306.31352
305.06238
307.37582
305.7918
304.57746
314.21183
310.36883
306.34143
307.21154
305.14127
309.38609
304.32236
306.15337
305.19554
307.69374
308.96185
307.49687
306.77102
305.89939
305.06757
307.45586
307.68033
304.87552
307.9116
304.97405
304.61566
304.77775
304.50563
305.60292
306.52709
305.24547
304.70131
311.06715
309.32711
303.526
307.38384
303.58666
303.25299
308.31143
304.97256
304.88074
305.10475
309.37319
308.65633
305.31552
305.93699
306.37275
309.23806
309.94258
304.6536
304.86889
308.47747
304.85021
312.26911
304.1485
303.96225
307.30357
304.43933
308.11029
304.71522
305.7454
305.31852
306.39852
312.5627
304.75024
305.03144
306.22391
304.86252
307.16948
303.51719
307.72735
304.30485
303.09964
303.80016
307.53179
307.75968
309.13694
309.15357
307.43059
307.24819
309.32515
306.49359
305.66062
310.77488
303.66714
303.65539
305.53266
305.14166
305.19766
303.01857
311.04619
313.96322
305.87684
307.53095
311.71766
307.42631
310.29143
306.554
309.69211
310.13795
310.48245
309.3626
307.51198
306.97607
309.30945
309.0321
307.389
303.58758
304.55966
306.03279
309.70953
304.37433
304.64591
303.9291
304.74408
306.61068
305.57525
304.2415
304.80444
304.80475
305.8176
310.79556
307.90136
306.6498
306.5088
308.58474
307.59125
305.66258
304.88581
303.67315
303.56529
309.11638
304.9299
308.41533
305.48096
309.96186
304.46349
305.89054
303.95782
302.55583
302.17393
305.53751
303.45308
302.47204
302.33899
304.12679
302.71513
305.04321
303.22046
305.41068
305.71128
308.38656
306.51317
310.88069
305.43347
305.20951
309.17537
308.87288
304.71263
304.10961
306.43864
310.43925
306.11714
302.47601
301.47132
303.08121
304.46207
303.86364
303.81093
304.00446
303.87918
307.22549
311.83135
308.46737
304.65292
305.14289
302.77973
304.23709
304.73187
305.77057
303.7857
307.18191
304.10706
305.35771
305.85174
302.44118
303.79988
309.53621
306.50377
304.97791
309.74561
306.69562
305.73526
305.66353
305.94281
309.83972
311.26876
305.84182
306.01138
307.67128
306.06696
305.79951
307.42714
306.09926
308.51777
305.66791
305.4107
306.05384
306.23753
306.74241
309.95618
311.31137
303.8179
307.21058
304.08789
303.4577
308.03135
304.5117
304.56084
304.74574
309.22166
305.47778
304.9906
305.45937
305.51211
307.4275
305.74328
304.34439
304.57013
308.15578
304.79401
305.36263
303.89862
303.86215
307.24459
304.26341
308.51545
304.46759
305.78651
308.03882
305.97248
312.76438
305.00369
305.10546
304.93158
308.17552
312.33423
305.77517
306.87598
303.46985
304.37326
304.94083
302.90589
309.86672
312.13339
305.80187
307.98693
313.12543
307.91624
310.4646
305.05089
308.77071
309.66343
309.52122
310.23326
307.74789
305.32877
306.88386
306.81417
307.09052
305.24084
305.12703
306.53172
309.44687
306.58717
305.47594
303.19364
303.08509
309.5339
304.66537
308.52328
305.98246
310.91672
304.05998
302.73563
)
;
        hcoeff          0.405;
        Tamb            "$FOAM_CASE/0/buildings/T_room.dat";
    }
}


// ************************************************************************* //
