/*--------------------------------*- C++ -*----------------------------------*\
  =========                 |
  \\      /  F ield         | OpenFOAM: The Open Source CFD Toolbox
   \\    /   O peration     | Website:  https://openfoam.org
    \\  /    A nd           | Version:  8
     \\/     M anipulation  |
\*---------------------------------------------------------------------------*/
FoamFile
{
    version     2.0;
    format      ascii;
    class       volScalarField;
    location    "3600/buildings";
    object      Ts;
}
// * * * * * * * * * * * * * * * * * * * * * * * * * * * * * * * * * * * * * //

dimensions      [0 0 0 1 0 0 0];

internalField   nonuniform List<scalar> 
3640
(
312.81806
308.34701
303.20238
307.4361
305.99471
306.99742
311.09818
314.12225
306.58518
306.24669
310.89904
311.80213
308.56636
308.93753
309.09645
312.66437
305.59325
302.08385
306.50411
309.92411
305.30733
305.27695
305.38729
311.21544
310.52945
310.93615
310.25147
310.23518
309.34046
310.432
310.50026
310.10177
310.50172
310.9425
310.9011
310.94406
310.54174
310.58783
310.27281
307.57207
314.59613
310.0871
310.30825
309.91382
311.74639
311.22271
307.49078
308.65641
308.23061
308.15083
309.66182
309.26296
304.29081
304.66546
302.37252
308.02319
308.69432
304.73746
304.79311
307.39853
306.61665
309.40706
307.1468
310.59204
311.85362
311.18735
304.57386
303.82353
315.43132
308.70225
310.11611
313.86613
308.29992
314.05525
313.96802
313.84733
314.19345
309.11017
309.37148
309.84444
308.86812
310.93244
310.72505
308.18042
313.63483
313.47177
309.76977
310.11855
308.965
311.51011
308.46692
309.12712
307.75285
313.55248
314.57449
313.74418
310.10016
308.84853
308.84539
311.00208
311.13293
307.1309
311.07972
306.81909
306.75226
306.81966
306.84109
309.43974
309.17
308.9062
307.77391
312.7298
312.34751
305.16135
312.21585
305.91461
305.77415
310.53495
308.75013
307.29643
308.58447
314.83561
315.78976
308.18939
309.38564
310.11741
317.91979
316.81924
306.90863
306.58285
311.63747
306.9761
312.3201
306.46146
306.36965
310.4912
306.6737
309.0841
307.3595
308.53124
308.76086
309.26209
308.13963
307.54307
307.60299
308.69653
307.86626
309.13003
306.80226
308.6902
306.75181
307.2496
307.13958
309.92585
310.89749
311.67356
309.39805
311.86814
312.01442
314.50829
311.37885
307.40242
315.03806
306.59739
306.71201
307.50727
307.67712
306.46371
306.42292
307.51092
311.17634
307.8813
309.93356
314.15724
307.87114
310.34445
306.84368
309.88223
311.82691
311.27732
308.40385
312.26804
307.63474
310.9867
311.27116
310.35986
307.49014
308.77208
310.65229
311.9257
308.47387
309.49399
306.92269
307.69458
309.50627
308.03394
307.0385
307.10944
306.96007
307.22321
312.93713
310.34929
311.73994
309.94709
309.45344
309.93009
309.50711
309.58758
304.80386
305.73957
311.58741
305.60514
311.09287
306.9458
310.68253
305.88996
306.24377
306.31665
305.57505
304.47405
306.79893
305.44906
305.44027
305.48228
306.65254
305.40743
306.72795
306.61459
310.42827
310.08258
309.91835
309.64854
312.92665
306.08556
308.05113
308.94669
313.61338
308.50218
308.01075
310.1665
312.23114
311.83861
304.53542
303.12023
305.93027
308.93852
310.81662
310.27826
311.37074
310.40222
307.86915
313.88099
309.03447
307.24887
306.44209
305.65251
307.2338
309.68221
304.03975
304.88361
307.91822
310.28738
312.17247
308.31945
304.29851
305.8278
314.57866
307.05916
311.41011
313.58588
309.22915
310.40365
309.66995
309.37678
312.87197
313.53232
309.98141
310.591
309.64572
310.52556
308.9392
309.6845
308.64458
313.90883
309.0162
309.38884
310.82856
309.78255
308.48656
312.49524
313.11087
305.81607
311.89326
306.83959
305.55521
309.98006
308.07853
307.0812
308.77381
314.7249
307.75098
308.28587
308.87044
309.32334
313.9763
307.20849
306.92869
306.48138
311.61235
306.6221
305.81952
306.28879
306.34321
310.7033
306.31061
309.30364
307.59866
309.00494
308.22726
308.69145
308.11598
307.99277
307.83959
308.03898
307.12136
310.46527
309.06214
314.63182
307.09743
306.62261
306.30241
306.54865
307.44762
310.30928
307.41837
309.89584
314.7802
307.82507
310.89546
306.99894
310.43277
311.70365
311.10519
308.27643
312.16355
308.65627
308.33982
309.28996
308.60837
307.08833
307.01787
310.12204
310.3197
309.40287
309.28411
304.79088
305.01993
311.68257
305.02513
310.92826
306.37118
310.72576
306.29565
306.20445
312.09657
307.95646
303.01554
307.0475
305.63462
306.58704
310.71885
313.44942
306.25733
305.98322
310.35056
311.36296
308.25392
308.60301
308.67771
311.99853
305.26942
301.98332
306.1978
309.44627
305.02322
305.03041
305.08675
310.42525
309.79749
310.16334
309.53359
309.53779
308.78043
309.71744
309.85514
309.49932
309.8535
310.23782
310.20047
310.25278
309.81404
309.85544
309.63959
307.37114
314.18156
309.79611
309.89647
309.67321
311.19088
310.58304
307.03263
308.1627
308.03315
307.87605
309.27773
308.86146
304.07508
304.53029
302.26449
307.66307
308.24512
304.46378
304.693
307.10985
306.35419
309.07427
306.824
310.05592
311.13586
310.56373
304.35894
303.65811
314.58935
308.44699
309.5769
313.43828
308.10091
313.43755
313.33627
313.28685
313.6172
308.71136
308.91798
309.42723
308.46709
310.42197
310.10109
307.75283
313.2709
312.8794
309.39502
309.68051
308.52259
311.29469
307.94556
308.66694
307.38326
312.91629
313.92586
313.03842
309.6826
308.4392
308.37852
310.52076
310.65479
306.83813
310.64759
306.54756
306.45951
306.55184
306.54051
309.0911
308.75774
308.4113
307.39048
312.43133
311.83057
304.90535
311.5792
305.61477
305.45101
310.12347
308.30316
306.92202
308.14436
314.1661
315.13997
307.74553
308.95072
309.59811
317.02969
316.08527
306.55419
306.26159
311.09781
306.65468
311.83532
306.15443
306.08705
310.01867
306.38586
308.76158
307.01543
308.121
308.32927
308.83905
307.79557
307.17545
307.22296
308.25135
307.48861
308.77585
306.40002
308.42509
306.40131
306.76996
306.71579
309.40669
310.31878
311.08654
308.99709
311.17633
311.30522
313.71384
310.71969
307.11047
314.34408
306.23081
306.34433
307.20272
307.29291
306.21573
306.00614
307.30086
310.87911
307.6055
309.58259
313.63975
307.65934
309.99608
306.60437
309.59634
311.50393
310.93541
308.25621
311.56222
307.39963
310.60313
310.88425
309.91543
307.04498
308.28712
310.00513
311.78546
307.98857
308.92089
306.52815
307.26908
309.02915
307.66477
306.7112
306.82274
306.67237
306.93886
312.41635
309.97158
311.06515
309.38046
309.07548
309.4869
308.96571
308.96339
304.59649
305.4601
311.12906
305.44765
310.62826
306.72665
310.48856
305.63649
306.0011
305.96814
305.22067
304.20042
306.58991
305.14543
305.07512
305.10049
306.32672
305.06771
306.46284
306.2249
309.75486
309.48897
309.51062
309.15183
312.33387
305.79757
307.67075
308.62071
312.87026
308.08645
307.62306
309.61278
311.76953
311.08265
304.28097
302.95417
305.66759
308.40497
310.05767
309.56426
310.56274
309.67597
307.68168
313.41676
308.70657
306.92091
306.20021
305.31205
306.82657
309.07202
303.91445
304.68312
307.65759
309.61795
311.41289
307.89583
304.06892
305.57558
313.86246
306.8075
310.6611
312.92668
308.92008
309.81665
309.15722
309.07591
312.32935
313.06442
309.57284
309.99512
309.48786
309.95244
308.46688
309.24637
308.2533
313.33704
308.56452
309.0005
310.24353
309.27884
308.20445
311.95942
312.64172
305.54694
311.33096
306.52039
305.27843
309.59261
307.62635
306.70287
308.29079
314.02735
307.41968
307.80507
308.43496
308.80354
313.26277
306.89845
306.55571
306.15385
311.02339
306.29114
305.57537
305.96751
306.05268
310.17565
306.02111
308.96829
307.21724
308.55888
307.78398
308.26791
307.77905
307.56864
307.44447
307.60452
306.75769
310.04759
308.51383
313.67218
306.6659
306.261
306.04454
306.10026
307.18531
309.98595
307.13788
309.57494
314.26942
307.64129
310.52511
306.66697
310.06392
311.32095
310.68899
308.16892
311.48344
308.21142
308.1444
308.95511
308.21542
306.77896
306.74764
309.64768
309.90838
308.92526
308.74863
304.5486
304.75362
311.19114
304.86648
310.42487
306.19986
310.55408
305.99483
305.78364
311.25569
307.49649
302.79813
306.59361
305.21272
306.10985
310.27384
312.663
305.87166
305.6752
309.70963
310.84721
307.88504
308.20965
308.18516
311.21819
304.88588
301.8652
305.83843
308.88851
304.69006
304.74024
304.73429
309.5001
308.93874
309.25911
308.69247
308.71963
308.11938
308.87968
309.09654
308.78952
309.09136
309.41196
309.37928
309.44221
308.96076
308.99728
308.89628
307.1363
313.69574
309.45543
309.4111
309.38962
310.54098
309.8331
306.49746
307.58515
307.8
307.55166
308.82707
308.38906
303.82166
304.3717
302.1362
307.24158
307.71676
304.14303
304.57491
306.76967
306.04444
308.68313
306.44335
309.42897
310.2936
309.83309
304.10539
303.46463
313.60233
308.14842
308.94787
312.93371
307.86958
312.71094
312.59342
312.62707
312.9382
308.24464
308.38766
308.93703
307.99656
309.82662
309.37495
307.25498
312.84641
312.18698
308.95445
309.1695
308.00462
311.04201
307.3401
308.13336
306.95377
312.16952
313.16423
312.20973
309.19188
307.96035
307.83158
309.95275
310.09107
306.49319
310.13717
306.2266
306.11422
306.23529
306.18565
308.67994
308.27513
307.83216
306.94125
312.08074
311.22319
304.60645
310.83407
305.2658
305.0753
309.64246
307.78184
306.48765
307.63125
313.38128
314.38301
307.23088
308.44178
308.99289
315.99511
315.23394
306.14116
305.88686
310.46341
306.27822
311.26879
305.79397
305.75474
309.46169
306.04673
308.38183
306.61106
307.64225
307.82455
308.34332
307.39525
306.74517
306.78089
307.73266
307.04755
308.36132
305.92798
308.09345
305.99025
306.21071
306.22239
308.79689
309.64006
310.40069
308.5254
310.36954
310.47728
312.78666
309.94581
306.7654
313.52791
305.80202
305.91263
306.84464
306.84411
305.92397
305.52047
307.05476
310.5321
307.28136
309.1693
313.03443
307.40979
309.58465
306.32503
309.26414
311.12466
310.53633
308.08371
310.73585
307.121
310.15178
310.42703
309.39503
306.52389
307.71987
309.24883
311.62051
307.4193
308.25102
306.06757
306.77316
308.47288
307.23418
306.32481
306.48449
306.33275
306.60442
311.80538
309.52618
310.27687
308.71984
308.6311
308.96703
308.32941
308.23507
304.35446
305.13263
310.59305
305.26381
310.08245
306.46982
310.26049
305.34065
305.71883
305.56076
304.8066
303.88077
306.34513
304.79354
304.65016
304.65725
305.94268
304.67248
306.15055
305.76752
308.96957
308.79371
309.03169
308.56812
311.64273
305.4607
307.22709
308.23741
312.0038
307.60075
307.17003
308.96728
311.2297
310.20126
303.98232
302.76044
305.35889
307.78314
309.1689
308.72671
309.61811
308.82431
307.46819
312.87119
308.32099
306.53599
305.91731
304.91356
306.3509
308.35997
303.76802
304.44736
307.3509
308.83659
310.5228
307.40006
303.80051
305.2755
313.02394
306.51383
309.78594
312.15649
308.56035
309.13264
308.55963
308.72297
311.69415
312.51544
309.09141
309.30053
309.30354
309.28028
307.91823
308.73765
307.79829
312.66504
308.03776
308.5432
309.55844
308.6898
307.87446
311.33323
312.09238
305.23171
310.67031
306.14692
304.9547
309.13987
307.10083
306.26447
307.72835
313.21107
307.03477
307.2486
307.92663
308.199
312.43358
306.53835
306.12041
305.77216
310.33263
305.90517
305.2911
305.59049
305.71111
309.55486
305.68081
308.5739
306.76908
308.03829
307.26693
307.7731
307.38654
307.07329
306.98412
307.0978
306.33446
309.56013
307.88145
312.55478
306.16242
305.83966
305.74177
305.58113
306.87769
309.60734
306.80983
309.19817
313.67316
307.42536
310.08812
306.27725
309.63386
310.8692
310.20356
308.04298
310.68689
307.68978
307.91553
308.56065
307.75703
306.41808
306.42816
309.0889
309.42694
308.36282
308.12138
304.2661
304.44226
310.61791
304.68199
309.83387
305.99968
310.35238
305.64247
305.29515
310.286
306.96393
302.54742
306.06902
304.72442
305.56206
309.75598
311.75183
305.42293
305.31825
308.96938
310.24853
307.45567
307.7512
307.61176
310.31272
304.44128
301.72811
305.42262
308.24439
304.30247
304.40265
304.32497
308.4321
307.94523
308.21584
307.72026
307.7722
307.34846
307.91041
308.21372
307.96276
308.20515
308.45572
308.42823
308.50322
307.97435
308.00544
308.03386
306.86219
313.13197
309.06015
308.84519
309.05801
309.78895
308.96363
305.87982
306.91706
307.52743
307.17206
308.30067
307.83866
303.52691
304.1869
301.98757
306.75146
307.10163
303.7711
304.43679
306.37242
305.68259
308.22742
305.99922
308.70382
309.31864
308.9869
303.81099
303.2401
312.45885
307.80253
308.22143
312.3444
307.60336
311.86439
311.72834
311.85757
312.1455
307.7039
307.77381
308.36656
307.44991
309.1395
308.53946
306.68153
312.35628
311.3849
308.44141
308.57934
307.40483
310.74838
306.64531
307.52137
306.45958
311.30155
312.27858
311.24657
308.62064
307.40583
307.19747
309.28872
309.43254
306.09037
309.53978
305.85062
305.71079
305.86454
305.77056
308.19955
307.71615
307.16171
306.42027
311.67295
310.51664
304.2611
309.97276
304.86367
304.64346
309.08582
307.18063
305.98927
307.04018
312.47046
313.51051
306.64125
307.85216
308.29585
314.8058
314.25745
305.66496
305.45439
309.72504
305.84138
310.61333
305.37482
305.36782
308.81133
305.65066
307.93891
306.1404
307.08932
307.24037
307.76815
306.93436
306.24638
306.27209
307.13484
306.53788
307.88076
305.38023
307.67978
305.51314
305.56686
305.65455
308.08801
308.85246
309.60789
307.97594
309.43953
309.52193
311.71679
309.04717
306.3609
312.57707
305.30583
305.41109
306.42767
306.32522
305.58381
304.96165
306.76922
310.13099
306.90408
308.68706
312.33315
307.11834
309.10315
306.00231
308.88214
310.68331
310.07515
307.88412
309.77915
306.79335
309.62515
309.89109
308.79189
305.9209
307.06373
308.37542
311.42814
306.75861
307.4772
305.53586
306.20142
307.83119
306.7372
305.87298
306.08902
305.93548
306.21485
311.09559
309.00568
309.36672
307.95851
308.11381
308.36333
307.5897
307.39605
304.07488
304.75285
309.97353
305.05185
309.44719
306.17172
309.99486
304.99896
305.3939
305.0898
304.32857
303.51166
306.06102
304.39064
304.16207
304.14972
305.49437
304.21843
305.78617
305.2367
308.06541
307.98869
308.47456
307.88923
310.84476
305.07019
306.71604
307.7909
311.00651
307.03916
306.64724
308.22373
310.60469
309.18499
303.63782
302.53501
305.00329
307.06718
308.1422
307.75752
308.52922
307.83979
307.21494
312.23607
307.87206
306.08836
305.58968
304.45265
305.80023
307.53802
303.59763
304.17337
306.99331
307.93636
309.49347
306.82791
303.49029
304.9306
312.05418
306.17531
308.77805
311.26654
308.14501
308.3444
307.8704
308.31383
310.95763
311.8769
308.52976
308.50019
309.09049
308.50029
307.28797
308.15334
307.27483
311.88269
307.42994
308.01013
308.76517
308.00801
307.49232
310.60787
311.45499
304.86585
309.90275
305.71425
304.58006
308.61552
306.49704
305.76223
307.08132
312.26536
306.59246
306.61194
307.33946
307.50477
311.48033
306.12465
305.61783
305.33192
309.53062
305.45974
304.96341
305.15251
305.3134
308.83182
305.28465
308.11446
306.24778
307.43715
306.67039
307.20101
306.93401
306.50097
306.4535
306.51332
305.84726
308.99697
307.16139
311.27025
305.58199
305.35398
305.38967
304.98834
306.52032
309.16841
306.42982
308.75998
312.98396
307.17395
309.57708
305.82421
309.13742
310.3403
309.6431
307.89672
309.76422
307.08466
307.64998
308.10024
307.22784
306.00147
306.05377
308.43699
308.869
307.70709
307.39485
303.94022
304.08207
309.95579
304.4697
309.14708
305.76828
310.11766
305.23392
304.73568
309.18619
306.35333
302.26352
305.47309
304.16951
304.94321
309.16256
310.71344
304.90828
304.91086
308.12866
309.56276
306.96163
307.22476
306.95401
309.28018
303.93083
301.5706
304.94771
307.51162
303.85868
304.01487
303.85691
307.22492
306.81948
307.03741
306.62005
306.69653
306.46382
306.81132
307.20537
307.01613
307.19344
307.36938
307.34712
307.43465
306.85678
306.88228
307.05073
306.54838
312.48685
308.60836
308.19527
308.67514
308.93133
307.97211
305.17926
306.15667
307.21349
306.73422
307.6968
307.20662
303.1894
303.97539
301.81677
306.19061
306.3966
303.34617
304.27762
305.9152
305.2654
307.70436
305.48806
307.87793
308.20784
308.02164
303.47196
302.9838
311.15683
307.40781
307.39664
311.66624
307.30143
310.89211
310.7354
310.97248
311.23264
307.08643
307.07393
307.71186
306.82383
308.35868
307.59442
306.03162
311.79847
310.46983
307.85227
307.90838
306.72083
310.41173
305.86204
306.83057
305.89985
310.30739
311.26354
310.14385
307.96487
306.77315
306.4734
308.52335
308.67408
305.62634
308.85008
305.41605
305.24597
305.4361
305.29182
307.64594
307.07823
306.39795
305.82526
311.20533
309.70642
303.86808
308.98993
304.4077
304.15515
308.45107
306.49817
305.4265
306.36953
311.42875
312.52002
305.97676
307.1792
307.50528
313.45999
313.15495
305.12439
304.96288
308.87802
305.34205
309.86614
304.89456
304.92368
308.06282
305.19475
307.42952
305.6005
306.46042
306.57435
307.11047
306.41179
305.677
305.69566
306.45645
305.95778
307.3317
304.75522
307.16787
304.96796
304.83965
305.01219
307.27674
307.9527
308.70566
307.34502
308.38551
308.43833
310.50234
308.02084
305.89279
311.48514
304.74074
304.83749
305.94861
305.73447
305.19273
304.33043
306.4425
309.67413
306.47101
308.1321
311.53233
306.78251
308.54711
305.63469
308.44936
310.17663
309.54989
307.65635
308.6899
306.41275
309.01859
309.27085
308.10319
305.23494
306.31706
307.38449
311.20667
306.00443
306.59853
304.93208
305.55287
307.10242
306.17215
305.35207
305.63303
305.47714
305.76726
310.28292
308.40555
308.33319
307.09572
307.52022
307.67257
306.74374
306.44749
303.75663
304.31883
309.26761
304.81065
308.71859
305.83055
309.68956
304.61034
305.02545
304.55395
303.78654
303.09266
305.73594
303.93694
303.61207
303.58005
304.97871
303.70579
305.36683
304.6307
307.04366
307.07231
307.83583
307.11171
309.93757
304.6252
306.13591
307.27874
309.87672
306.39987
306.05157
307.3819
309.89175
308.03495
303.245
302.27831
304.59676
306.25652
306.98044
306.65934
307.30033
306.72521
306.92826
311.50711
307.35594
305.57554
305.21559
303.92947
305.17366
306.60628
303.40211
303.85975
306.58218
306.91833
308.32438
306.1766
303.13689
304.53428
310.94962
305.78977
307.63781
310.25313
307.67304
307.45139
307.08817
307.84561
310.11629
311.14488
307.88364
307.59331
308.84771
307.60937
306.57549
307.49247
306.68178
310.9846
306.73921
307.39757
307.86101
307.23115
307.05616
309.78076
310.72646
304.44774
309.02615
305.22044
304.15297
308.01691
305.8146
305.19613
306.34866
311.18618
306.09186
305.89587
306.67157
306.72016
310.40171
305.6565
305.04668
304.83196
308.61359
304.95347
304.59134
304.65136
304.85698
308.00204
304.8301
307.58682
305.65045
306.75367
305.99296
306.54939
306.4201
305.84996
305.85135
305.84983
305.29517
308.35583
306.35615
309.82135
304.92415
304.80302
304.986
304.32452
306.11095
308.66665
305.99591
308.25738
312.1991
306.8851
308.98746
305.30522
308.5727
309.72898
309.00553
307.72914
308.71277
306.39344
307.34634
307.57023
306.62606
305.52761
305.62089
307.68731
308.23179
306.95411
306.56723
303.57005
303.67175
309.20254
304.22893
308.3603
305.50436
309.84831
304.76723
304.1072
307.96874
305.67229
301.94928
304.81039
303.55409
304.26214
308.49676
309.55585
304.33148
304.45602
307.19482
308.79452
306.40655
306.63293
306.21636
308.12927
303.36172
301.39359
304.41804
306.69689
303.36213
303.57945
303.33454
305.90376
305.58344
305.74815
305.4142
305.51264
305.47581
305.603
306.08438
305.96116
306.06941
306.16908
306.15264
306.25198
305.63006
305.64996
305.96057
306.19586
311.76443
308.10249
307.46418
308.24294
307.97615
306.86927
304.405
305.31247
306.85937
306.23993
307.01772
306.49675
302.81126
303.7379
301.62402
305.56273
305.60636
302.87324
304.09753
305.40026
304.79496
307.11658
304.91333
306.95875
306.97611
306.94845
303.0912
302.69712
309.70743
306.96674
306.4822
310.90158
306.96632
309.79977
309.62078
309.97627
310.20381
306.39679
306.29397
306.97663
306.12243
307.4916
306.55197
305.31218
311.17732
309.44927
307.18999
307.16238
305.9587
310.03353
305.0015
306.06891
305.28038
309.1942
310.12583
308.91061
307.22814
306.06737
305.66569
307.66025
307.81952
305.10285
308.07067
304.92422
304.72191
304.95133
304.75152
307.0213
306.36647
305.54896
305.16103
310.68007
308.79776
303.43077
307.89782
303.90218
303.61603
307.7431
305.74115
304.80562
305.62615
310.26378
311.42079
305.24543
306.42816
306.62953
311.97228
311.93869
304.52483
304.41684
307.92802
304.78363
309.03309
304.35653
304.42489
307.22031
304.68104
306.85613
304.99485
305.76127
305.83228
306.3752
305.83244
305.04158
305.05756
305.70429
305.31241
306.71788
304.05987
306.54398
304.35949
304.04092
304.30366
306.36999
306.94904
307.70269
306.63641
307.2208
307.24051
309.15667
306.8779
305.36184
310.25832
304.11252
304.19699
305.40978
305.07717
304.75251
303.63656
306.07642
309.1651
305.98448
307.5068
310.63812
306.40343
307.91815
305.22504
307.96976
309.6068
308.96447
307.40179
307.48051
305.9791
308.3338
308.56708
307.33419
304.47425
305.48779
306.28929
310.95648
305.16462
305.62637
304.26305
304.83476
306.29374
305.54409
304.76462
305.11829
304.95946
305.26398
309.37276
307.72795
307.18856
306.142
306.85402
306.8996
305.80002
305.40465
303.40232
303.83387
308.48111
304.54214
307.90108
305.44832
309.34591
304.17798
304.61683
303.95872
303.18796
302.62879
305.37169
303.43844
303.00935
302.95887
304.3987
303.14189
304.89434
303.95621
305.92051
306.05544
307.11958
306.24184
308.92955
304.13022
305.4931
306.70367
308.62697
305.68848
305.38918
306.44999
309.09612
306.76942
302.80883
301.99146
304.14394
305.36164
305.70789
305.45358
305.95776
305.50248
306.60551
310.6882
306.77602
305.00077
304.79751
303.34983
304.47775
305.57826
303.18221
303.50787
306.11951
305.79854
307.03124
305.45255
302.74353
304.09034
309.7205
305.36148
306.38518
309.12632
307.14809
306.46415
306.22102
307.32115
309.17629
310.32386
307.15611
306.59075
308.57659
306.61595
305.78893
306.76185
306.02514
309.97583
305.9723
306.70858
306.85518
306.36659
306.56886
308.85816
309.91155
303.98002
308.04369
304.66921
303.67695
307.34914
305.0619
304.57301
305.5389
309.9824
305.53782
305.1103
305.9291
305.85481
309.20952
305.13844
304.41279
304.27709
307.58921
304.39116
304.17812
304.09101
304.34461
307.07146
304.31989
306.99375
304.98152
305.99427
305.24179
305.82411
305.84937
305.12667
305.18371
305.11432
304.68395
307.64184
305.47914
308.23227
304.19762
304.19266
304.53314
303.60207
305.65196
308.10534
305.51109
307.69295
311.32482
306.55996
308.3212
304.72387
307.94439
309.03625
308.29611
307.54094
307.54379
305.62223
307.00629
306.97293
305.95692
305.00053
305.13073
306.84409
307.51984
306.10926
305.64769
303.15901
303.21499
308.3645
303.96162
307.4794
305.20973
309.54514
304.24599
303.42105
306.67189
304.93694
301.61353
304.10066
302.89696
303.53974
307.77499
308.31169
303.70755
303.96522
306.19491
307.96309
305.80241
305.99006
305.41754
306.8921
302.74908
301.20074
303.84737
305.8229
302.82633
303.10721
302.77264
304.52605
304.29008
304.40418
304.15429
304.26929
304.41694
304.3352
304.88814
304.83144
304.87133
304.89906
304.88874
304.99754
304.34552
304.35985
304.80038
305.81297
310.98239
307.55491
306.67021
307.77045
306.9491
305.68927
303.5826
304.41031
306.47252
305.70011
306.28077
305.72676
302.40204
303.47977
301.41322
304.88382
304.7531
302.3657
303.89989
304.83956
304.28206
306.47838
304.28872
305.97228
305.66374
305.79856
302.67764
302.38693
308.1562
306.48997
305.50478
310.06883
306.60644
308.61494
308.41302
308.89278
309.08327
305.65267
305.45502
306.17856
305.36346
306.5625
305.4455
304.54409
310.50865
308.35047
306.47052
306.36178
305.13958
309.62185
304.09257
305.25878
304.61834
307.99122
308.89468
307.58104
306.42811
305.30717
304.79673
306.72035
306.88934
304.53175
307.21932
304.38577
304.15087
304.42083
304.1623
306.34
305.59979
304.64011
304.44558
310.10964
307.81367
302.96083
306.7266
303.36127
303.04219
306.98038
304.93149
304.14465
304.83133
309.00623
310.24328
304.46968
305.61898
305.69402
310.38642
310.64416
303.88311
303.83122
306.89964
304.18062
308.13606
303.77446
303.88361
306.30484
304.12169
306.2323
304.33876
305.01114
305.03442
305.58169
305.21212
304.35707
304.37594
304.89984
304.61945
306.05468
303.31586
305.80446
303.70481
303.20006
303.55176
305.3934
305.87033
306.62758
305.86781
305.98297
305.96788
307.72108
305.65442
304.77882
308.92742
303.43958
303.5079
304.82352
304.37145
304.27322
302.90456
305.67956
308.61699
305.45589
306.82557
309.67335
305.98915
307.23008
304.78358
307.45597
308.98648
308.33371
307.12618
306.18906
305.50027
307.58518
307.7938
306.50511
303.66308
304.60076
305.12671
310.68214
304.26484
304.59279
303.54916
304.06857
305.4282
304.86999
304.12481
304.55653
304.39418
304.71713
308.38847
306.98803
305.96924
305.12737
306.13203
306.0645
304.78713
304.30571
303.02093
303.31051
307.63463
304.25286
307.01552
305.03408
308.97133
303.7133
304.17885
303.32157
302.55312
302.13429
304.97655
302.91047
302.37594
302.31022
303.76901
302.54539
304.37953
303.23407
304.73667
304.97059
306.34387
305.30372
307.84879
303.59686
304.80481
306.07895
307.29644
304.92485
304.67827
305.45709
308.23835
305.43269
302.34121
301.68217
303.65597
304.41172
304.37913
304.19123
304.56066
304.22439
306.25679
309.7993
306.14585
304.37863
304.34567
302.73196
303.73347
304.48971
302.9426
303.12624
305.61608
304.61827
305.6591
304.67568
302.32118
303.60956
308.40122
304.90068
305.06678
307.91751
306.58378
305.41359
305.29471
306.75314
308.16239
309.43384
306.36491
305.52378
308.28321
305.54927
304.95173
305.98208
305.32309
308.881
305.15053
305.96006
305.77749
305.43894
306.04212
307.86482
309.03113
303.47477
306.98413
304.07504
303.16468
306.62881
304.26206
303.91143
304.67645
308.68707
304.94565
304.28037
305.13264
304.93533
307.93914
304.5847
303.73444
303.68279
306.48596
303.78831
303.73455
303.48649
303.78899
306.06505
303.7667
306.34952
304.2588
305.18032
304.43886
305.045
305.2371
304.35194
304.46954
304.32843
304.03106
306.87362
304.56112
306.56283
303.42616
303.54078
304.04201
302.84849
305.15423
307.49836
304.98735
307.07992
310.38346
306.20546
307.59319
304.09518
307.26884
308.27616
307.53358
307.33596
306.29302
304.79255
306.63747
306.32223
305.2386
304.43411
304.59383
305.92859
306.75125
305.19534
304.66477
302.71827
302.72424
307.46446
303.67439
306.52741
304.89109
309.21468
303.68385
302.70318
305.3739
304.18883
301.27434
303.38408
302.23888
302.81905
307.03581
307.05195
303.0712
303.46445
305.18595
307.11358
305.18224
305.33054
304.60224
305.64258
302.13031
301.0007
303.26733
304.93892
302.28083
302.62298
302.20324
303.19258
303.03388
303.10431
302.9326
303.05496
303.3542
303.09901
303.69518
303.69875
303.67777
303.64448
303.63928
303.75401
303.09554
303.10495
303.64548
305.41876
310.18237
306.99399
305.85641
307.28167
305.90869
304.50377
302.76261
303.50412
306.07275
305.14311
305.52496
304.93892
301.98321
303.2131
301.19529
304.19113
303.88579
301.85296
303.69345
304.26301
303.75365
305.8238
303.64836
304.97492
304.35469
304.64173
302.25307
302.06882
306.595
306.00257
304.52115
309.21222
306.2402
307.40326
307.17961
307.78082
307.93146
304.89448
304.60397
305.36034
304.58838
305.62398
304.34185
303.77123
309.82788
307.23527
305.73215
305.55089
304.30987
309.19654
303.19101
304.44635
303.95049
306.76626
307.63856
306.23228
305.60759
304.53446
303.91586
305.75507
305.93435
303.94263
306.34137
303.82833
303.56309
303.87192
303.55549
305.63784
304.8207
303.72509
303.71897
309.52331
306.80875
302.48368
305.5439
302.81469
302.46625
306.20461
304.11523
303.4806
304.03016
307.72691
309.05367
303.69407
304.79653
304.75237
308.79437
309.34507
303.23504
303.23841
305.8504
303.56578
307.22451
303.18
303.32878
305.36721
303.5464
305.59114
303.66799
304.2521
304.22549
304.77391
304.58477
303.66138
303.68906
304.08884
303.91747
305.37775
302.56822
304.97121
303.04136
302.37148
302.80162
304.40384
304.77957
305.54212
305.08128
304.74778
304.69966
306.28144
304.42622
304.17296
307.5656
302.76082
302.81005
304.22018
303.65673
303.7797
302.18064
305.27208
308.0592
304.91297
306.12422
308.6911
305.56034
306.5186
304.33353
306.93529
308.34689
307.69126
306.84305
304.8945
304.99902
306.81035
306.98971
305.66187
302.85068
303.70823
303.96953
310.3953
303.3593
303.56199
302.83241
303.29888
304.55511
304.18698
303.46728
303.97704
303.81096
304.15559
307.38411
306.22435
304.74927
304.11274
305.39416
305.21341
303.76607
303.22249
302.63246
302.777
306.77516
303.95729
306.11073
304.60927
308.58458
303.2413
303.73495
302.67916
301.92108
301.63769
304.57032
302.38323
301.75222
301.6764
303.12426
301.9521
303.84905
302.50761
303.56897
303.88433
305.5512
304.35131
306.75603
303.05455
304.10995
305.43849
305.96332
304.15185
303.95808
304.46106
307.3657
304.11168
301.86826
301.36633
303.15929
303.46452
303.09165
302.96455
303.21137
302.98427
305.89682
308.88836
305.4986
303.74316
303.88357
302.113
302.98435
303.41067
302.69445
302.73447
305.09812
303.4551
304.29774
303.89056
301.89252
303.11781
307.06789
304.4318
303.7704
306.69623
306.01023
304.36243
304.36289
306.17085
307.13085
308.52333
305.55268
304.45596
307.98155
304.47255
304.11209
305.19659
304.61444
307.75972
304.32022
305.19238
304.69158
304.5016
305.50334
306.85599
308.13312
302.95895
305.90573
303.47024
302.64407
305.89547
303.46174
303.24885
303.81175
307.37402
304.34775
303.45501
304.32696
304.01586
306.66417
304.02551
303.05027
303.0823
305.36741
303.17844
303.28431
302.87148
303.22014
305.04024
303.20035
305.68854
303.52279
304.358
303.63043
304.25598
304.61667
303.57011
303.74913
303.53754
303.37322
306.09291
303.65914
304.92414
302.65658
302.88463
303.53856
302.11265
304.64378
306.87791
304.45239
306.4502
309.42624
305.83895
306.84142
303.45378
306.58257
307.48689
306.7597
307.12351
305.03594
303.952
306.25841
305.65261
304.51082
303.85897
304.03777
304.99154
305.9677
304.26457
303.67771
302.27164
302.22643
306.55221
303.38174
305.55785
304.56429
308.87253
303.11152
302.00026
304.21231
303.50487
300.96316
302.73391
301.64684
302.17306
306.35494
305.90964
302.48773
303.00362
304.27353
306.33373
304.60871
304.72177
303.85534
304.51355
301.56913
300.81046
302.7355
304.13637
301.78135
302.17551
301.68446
302.05283
301.95566
301.99358
301.88536
302.0049
302.40389
302.03172
302.63629
302.68662
302.61935
302.54272
302.54155
302.65717
302.01938
302.02498
302.62137
305.05191
309.44542
306.47534
305.10745
306.82455
304.96376
303.44011
302.0309
302.68935
305.69849
304.62508
304.82897
304.215
301.59631
302.96286
300.98754
303.55578
303.09555
301.38637
303.49587
303.7289
303.2631
305.21961
303.05805
304.07082
303.19093
303.60169
301.85899
301.77282
305.19267
305.55218
303.63416
308.42014
305.90219
306.29293
306.05133
306.75694
306.86912
304.19949
303.82862
304.60589
303.87711
304.77318
303.35701
303.07275
309.20254
306.22047
305.0503
304.81267
303.55579
308.79665
302.39036
303.71423
303.34405
305.64886
306.48938
305.00874
304.85055
303.82808
303.11454
304.86606
305.05451
303.39505
305.52811
303.30799
303.01832
303.35993
302.99312
304.98653
304.10957
302.90014
303.05621
308.9789
305.88825
302.04644
304.47617
302.31684
301.94565
305.49518
303.37617
302.87989
303.30444
306.5608
307.97534
302.99709
304.0456
303.90164
307.36289
308.17554
302.64598
302.69801
304.89083
303.00125
306.39238
302.63333
302.81628
304.50612
303.01351
304.9981
303.0513
303.56195
303.48886
304.03552
304.01332
303.02564
303.06642
303.35435
303.27812
304.75578
301.89541
304.11998
302.43772
301.64196
302.13059
303.5065
303.79246
304.55975
304.35846
303.64707
303.57272
304.99134
303.32704
303.60471
306.31517
302.14607
302.17603
303.65984
303.00584
303.32104
301.53988
304.89325
307.5474
304.40991
305.47439
307.79361
305.15881
305.85631
303.91897
306.45865
307.75003
307.10136
306.57832
303.73608
304.52434
306.08691
306.23608
304.89151
302.12238
302.90377
302.9416
310.11963
302.54416
302.64376
302.18666
302.60501
303.7647
303.56423
302.8599
303.43816
303.26903
303.63594
306.46382
305.51468
303.65883
303.205
304.718
304.4345
302.84584
302.27116
302.2743
302.28656
305.9912
303.6831
305.28138
304.21562
308.2228
302.8086
303.32855
302.09724
301.35636
301.18795
304.19131
301.90877
301.20182
301.12186
302.53049
301.42178
303.35578
301.85251
302.54254
302.9127
304.82382
303.48517
305.76559
302.5578
303.47819
304.84749
304.76969
303.44887
303.3028
303.566
306.56765
302.95045
301.43692
301.07364
302.70249
302.61959
301.98939
301.91096
302.06068
301.92071
305.56248
308.04969
304.90074
303.15919
303.45652
301.55609
302.3081
302.45655
302.45986
302.37059
304.61748
302.43432
303.09566
303.17828
301.49939
302.6638
305.86239
304.001
302.63705
305.59122
305.48444
303.42109
303.52246
305.63112
306.18916
307.68646
304.80379
303.4994
307.69823
303.50084
303.35617
304.48501
303.97052
306.72868
303.56666
304.48495
303.71276
303.65263
305.00468
305.93645
307.31018
302.48408
304.92314
302.9159
302.16692
305.22398
302.74295
302.65164
303.03406
306.18242
303.80405
302.71823
303.59501
303.19131
305.51815
303.51668
302.43018
302.536
304.35239
302.62309
302.87158
302.30882
302.69568
304.10582
302.67831
305.07839
302.84991
303.61216
302.89999
303.53837
304.0504
302.86177
303.09595
302.82309
302.7769
305.37904
302.86646
303.49463
301.96889
302.29084
303.07321
301.47027
304.17142
306.3065
303.95932
305.86684
308.55089
305.49521
306.14292
302.86545
305.95487
306.74845
306.05344
306.92203
303.90754
303.18843
305.90455
305.03268
303.84772
303.33247
303.51852
304.13132
305.24914
303.41551
302.79125
301.86274
301.77083
305.72167
303.11071
304.67251
304.25982
308.55004
302.58671
301.38499
303.41076
303.01667
300.73086
302.272
301.22741
301.71892
305.86409
305.11013
302.06788
302.66776
303.63327
305.77598
304.19253
304.28136
303.32273
303.72637
301.16799
300.65919
302.35187
303.56865
301.41981
301.84774
301.31118
301.30111
301.24043
301.26036
301.19068
301.30311
301.74616
301.31956
301.91063
301.98806
301.89459
301.79585
301.79711
301.91089
301.30328
301.3067
301.92008
304.77896
308.91296
306.0955
304.57063
306.48428
304.29854
302.70313
301.5206
302.11943
305.41849
304.24578
304.32825
303.69674
301.31057
302.77162
300.82422
303.09873
302.53541
301.049
303.33863
303.34019
302.904
304.78239
302.63159
303.43422
302.39333
302.87829
301.56741
301.55059
304.22478
305.2218
303.01219
307.84882
305.65168
305.50702
305.25481
306.02652
306.11023
303.70112
303.27836
304.063
303.36793
304.1737
302.6761
302.57989
308.74873
305.50538
304.55733
304.28797
303.02213
308.49103
301.83571
303.19898
302.91152
304.86149
305.67545
304.15411
304.30467
303.32239
302.54663
304.2314
304.42504
302.99521
304.94158
302.9251
302.6214
302.98351
302.58405
304.51293
303.60305
302.32198
302.58402
308.57785
305.23455
301.72817
303.73137
301.95831
301.57363
304.98853
302.85356
302.45258
302.78995
305.73976
307.21802
302.50659
303.51085
303.30268
306.36996
307.36032
302.22486
302.30998
304.21072
302.59311
305.80101
302.23714
302.44282
303.89239
302.62456
304.568
302.60668
303.07157
302.96505
303.50933
303.60429
302.57023
302.62358
302.83461
302.82194
304.30824
301.42099
303.42994
302.00659
301.13736
301.65997
302.8763
303.10093
303.86945
303.8406
302.89032
302.80254
304.10076
302.56932
303.18426
305.42324
301.70914
301.72473
303.24863
302.5405
302.98346
301.0936
304.61183
307.17683
304.04126
305.00336
307.15695
304.8593
305.37347
303.61586
306.11298
307.30584
306.67483
306.37701
302.93655
304.1673
305.55732
305.68339
304.34305
301.61236
302.33975
302.2348
309.89747
301.97349
302.00915
301.73043
302.11606
303.20739
303.11892
302.42066
303.04282
302.87304
303.25676
305.8069
304.99808
302.9063
302.57548
304.23821
303.8793
302.20221
301.62279
302.00995
301.92955
305.43452
303.4774
304.69107
303.92601
307.95184
302.49422
303.03317
301.68274
300.95623
300.86193
303.90634
301.56971
300.8164
300.73628
302.10038
301.04598
302.99236
301.38782
301.84352
302.23922
304.30392
302.8736
305.0693
302.19848
303.02814
304.41954
303.94479
302.94973
302.8361
302.94142
305.99907
302.1623
301.12333
300.85286
302.37014
302.03305
301.26038
301.21112
301.30337
301.21544
305.31207
307.44852
304.46721
302.73801
303.14276
301.16049
301.83031
301.80223
302.2771
302.10037
304.26515
301.74068
302.27783
302.6734
301.21105
302.33254
305.0218
303.68683
301.8717
304.81884
305.10424
302.76761
302.93323
305.23297
305.52177
307.08741
304.26594
302.8353
307.47966
302.82296
302.82548
303.98136
303.51161
305.99275
303.03353
303.9765
303.03023
303.05546
304.63672
305.28524
306.72265
302.1381
304.22996
302.51605
301.82044
304.74299
302.23842
302.2284
302.48878
305.34813
303.4159
302.20413
303.07613
302.61552
304.72199
303.15258
301.98919
302.14466
303.64027
302.22516
302.57148
301.90407
302.31482
303.4465
302.29936
304.63734
302.36918
303.08492
302.38474
303.02914
303.6443
302.36045
302.63229
302.31895
302.35244
304.8689
302.32138
302.53573
301.48745
301.86845
302.73324
301.02958
303.82586
305.89283
303.60006
305.44115
307.92575
305.23622
305.63542
302.44256
305.50459
306.20913
305.54974
306.76377
303.1267
302.64866
305.63796
304.58323
303.37508
302.95245
303.13625
303.51862
304.73418
302.81452
302.17332
301.5644
301.43941
305.1328
302.90752
304.04575
304.03076
308.30258
302.20718
300.96072
)
;

boundaryField
{
    sides
    {
        type            zeroGradient;
    }
    buildings_to_air
    {
        type            compressible::CFDHAMsolidTemperatureCoupledMixed;
        refValue        uniform 0;
        refGradient     nonuniform List<scalar> 
364
(
228.89974
138.58265
58.638956
130.0106
104.01497
130.66491
162.05883
238.61753
108.11994
102.28852
189.93468
180.25168
126.70321
133.82253
146.89545
214.94786
92.685899
35.52636
110.02144
170.24808
88.415935
84.902753
90.994214
189.37026
175.16943
185.24179
171.95629
170.01607
150.01011
174.34722
172.60666
165.00864
173.40987
185.52029
184.4379
184.98751
177.13493
178.24606
172.71004
99.618285
195.76686
138.06485
156.54975
114.33613
196.49919
190.87641
132.32323
150.39177
96.689452
114.12082
147.48448
146.11436
71.940289
64.007734
39.202729
129.42481
142.65425
81.07895
48.88278
111.52867
99.217999
137.50273
112.87055
180.28696
201.61786
191.21842
73.903739
64.073974
263.29395
123.20648
177.58681
186.57597
113.36815
221.17227
222.38295
210.38991
214.12658
150.4793
160.21085
154.97358
144.09975
191.02328
196.38961
148.13736
181.83278
223.53364
146.86502
172.43068
153.61937
109.85692
157.63522
171.53797
139.77881
222.63767
232.07709
227.38507
156.79718
146.73363
150.75708
168.86296
170.4644
109.07772
161.81386
100.56072
104.55783
100.17536
105.42002
136.27144
153.88432
155.01094
132.07234
148.79334
194.5106
90.782864
209.92982
106.54018
107.06456
169.5086
154.7531
135.92589
152.15301
241.18129
268.19977
154.58585
156.76439
179.51742
322.38028
303.9435
122.82541
116.32941
185.682
115.32868
199.48733
105.45371
101.34367
162.40973
102.82497
132.04964
118.32383
148.52922
148.98132
152.53378
142.1522
126.82212
137.39296
154.18917
136.07043
145.87204
115.7113
78.586902
114.77369
129.22882
129.49539
164.77495
185.04898
200.88925
147.41625
212.6516
213.38479
256.03015
191.74145
107.22404
234.9276
115.32711
113.08628
114.47053
132.50546
97.046882
115.91324
100.87446
150.88456
115.30449
143.62598
219.10627
98.957247
142.23809
106.71512
148.29743
146.62663
163.38623
90.247549
211.50845
96.600721
156.5288
154.71669
169.89763
130.23887
152.95521
187.62502
77.006151
143.30375
166.2684
123.44398
138.12537
169.65825
139.20296
109.57497
105.41796
105.16986
109.04195
198.98205
149.30694
207.32825
177.55771
144.32321
161.32732
158.48508
169.55018
80.603373
96.093663
187.61106
80.495283
172.70267
99.695795
108.96775
98.808722
105.59788
111.83773
98.1055
78.7026
96.679314
105.53341
98.930246
101.09129
104.55319
99.696063
100.01042
111.73113
185.5694
173.43252
153.96247
159.21006
221.41875
104.29304
142.36493
133.52477
245.8503
145.93268
138.7495
183.25368
193.19682
208.89719
79.898827
54.927143
99.515365
161.59427
181.80697
170.82534
193.81617
173.9154
97.734337
198.72326
134.63617
117.43404
101.05819
99.345614
126.70079
169.75725
51.225979
77.80614
112.08194
181.45937
208.94385
144.31557
75.857681
94.981426
248.10601
113.97426
200.58627
234.62127
144.25875
188.99505
173.2921
131.60924
209.49854
197.1737
152.22481
192.37133
90.351217
177.66009
165.40838
174.56575
153.30703
215.15559
158.94512
144.86139
187.66945
169.74689
123.63854
207.14128
198.11941
96.841208
193.96671
115.06657
95.5324
159.3259
149.88762
134.93468
159.92198
246.81485
137.79612
159.90044
154.33594
172.2809
253.995
129.12445
123.17445
116.21149
193.74667
117.49153
101.11728
105.58317
102.23243
173.21001
102.01567
137.62841
125.21064
158.33533
146.46514
150.15523
139.11692
139.96837
140.05054
143.65824
129.1038
172.15916
195.57754
262.75217
126.8665
119.57558
98.746624
124.99539
112.95084
149.13151
118.36957
141.56444
227.19784
94.429865
151.37658
115.47491
165.74501
158.21846
179.18221
70.810649
208.70982
147.57243
96.944251
132.56436
148.94134
120.96099
101.14682
161.39816
165.4156
151.47894
159.67096
85.974512
87.657612
195.15865
79.854528
177.8134
90.486366
103.609
105.99092
116.12092
)
;
        valueFraction   uniform 0;
        value           nonuniform List<scalar> 
364
(
313.15284
308.52833
303.28923
307.61636
306.16137
307.18841
311.2734
314.43395
306.73632
306.36861
311.15331
312.00526
308.71078
309.09171
309.28958
312.97256
305.74269
302.13027
306.64627
310.14583
305.43803
305.39062
305.52587
311.58023
310.86708
311.29319
310.5829
310.5565
309.59771
310.76152
310.7973
310.37931
310.8005
311.26779
311.22436
311.26262
310.87753
310.92573
310.56487
307.66482
314.78802
310.22168
310.49834
310.02471
312.00394
311.51825
307.70308
308.88499
308.32193
308.27742
309.83856
309.44805
304.39038
304.72782
302.42286
308.18938
308.90171
304.86366
304.83938
307.53148
306.73751
309.56038
307.29542
310.84058
312.18532
311.47502
304.67286
303.90034
315.82061
308.82038
310.36617
314.06349
308.39263
314.33995
314.25926
314.10553
314.45867
309.29479
309.58141
310.03675
309.05349
311.16952
311.01511
308.37915
313.80451
313.746
309.94246
310.32211
309.16974
311.60971
308.70967
309.34174
307.92461
313.84615
314.87369
314.07
310.29238
309.03801
309.06121
311.22335
311.35223
307.26627
311.27824
306.94365
306.88684
306.9426
306.97915
309.59996
309.36098
309.13514
307.95115
312.86859
312.58612
305.28006
312.51024
306.05392
305.92452
310.72579
308.95765
307.47098
308.78847
315.14533
316.09168
308.39668
309.58695
310.3581
318.33378
317.1614
307.07333
306.73202
311.88646
307.12403
312.54467
306.60288
306.49972
310.70902
306.80571
309.23275
307.51816
308.72171
308.96064
309.45774
308.29966
307.71312
307.77963
308.90327
308.04119
309.29419
306.98792
308.80445
306.91296
307.47196
307.33581
310.16513
311.16636
311.94434
309.58286
312.1888
312.34384
314.87728
311.68352
307.53683
315.3547
306.76709
306.88163
307.64753
307.85476
306.57786
306.6164
307.60798
311.3146
308.00793
310.09526
314.39792
307.96828
310.50452
306.95472
310.01546
311.97583
311.43598
308.47236
312.59452
307.74237
311.1633
311.44915
310.56565
307.69599
308.99662
310.95187
311.99043
308.69789
309.75944
307.1055
307.8922
309.7278
308.205
307.18884
307.24109
307.09225
307.3557
313.17724
310.52299
312.0525
310.20909
309.62834
310.13498
309.7574
309.87699
304.89957
305.86845
311.80075
305.67753
311.30765
307.0464
310.77226
306.00742
306.35678
306.47809
305.73909
304.60052
306.8945
305.59065
305.60991
305.66
306.80175
305.56553
306.84963
306.79402
310.74087
310.35736
310.10735
309.87757
313.202
306.21956
308.2279
309.09729
313.95937
308.69489
308.19049
310.42369
312.44507
312.18895
304.65356
303.19711
306.0524
309.18632
311.16684
310.60742
311.74421
310.73743
307.95448
314.09546
309.18576
307.4001
306.55408
305.81047
307.42229
309.96471
304.09741
304.97639
308.03837
310.59782
312.52337
308.5155
304.40475
305.94523
314.91052
307.17602
311.75707
313.8916
309.37275
310.67634
309.90812
309.51512
313.12305
313.74866
310.16956
310.86772
309.71901
310.79043
309.15931
309.88914
308.82642
314.17249
309.22598
309.56786
311.09931
310.01587
308.61658
312.74339
313.32823
305.94029
312.15284
306.98718
305.68328
310.15943
308.28911
307.25783
308.99845
315.04797
307.9061
308.51051
309.07247
309.56534
314.30877
307.35385
307.10173
306.63332
311.88453
306.77574
305.93336
306.43712
306.47698
310.94665
306.44411
309.45857
307.77456
309.21196
308.43301
308.8878
308.27259
308.18934
308.0231
308.24075
307.29053
310.65901
309.31835
315.07715
307.29756
306.79054
306.42146
306.75809
307.56885
310.45914
307.54862
310.04406
315.01744
307.91
311.06581
307.15218
310.60397
311.87954
311.29848
308.32626
312.47792
308.86189
308.43019
309.4443
308.79127
307.2318
307.14182
310.34048
310.51178
309.62238
309.53195
304.90331
305.14309
311.9104
305.0989
311.16091
306.4513
310.80517
306.43438
306.40044
)
;
        qrNbr           qr;
        qsNbr           qs;
    }
    interior
    {
        type            compressible::CFDHAMsolidTemperatureTransferCoeffInterior;
        refValue        uniform 0;
        refGradient     nonuniform List<scalar> 
364
(
-6.0660839
-5.8358508
-4.4814961
-5.3941068
-4.7732837
-5.065888
-7.5252364
-7.0741406
-5.2732391
-5.6314892
-6.1999555
-7.4720385
-6.5346933
-6.5870163
-6.0167503
-6.2532765
-4.7380263
-4.4415472
-5.4429686
-6.1625136
-4.8888421
-5.1440027
-4.8239717
-4.8120723
-4.7762407
-4.7880111
-4.7468734
-4.8137877
-5.0780741
-4.8234969
-5.1751526
-5.2215043
-5.165638
-5.1068277
-5.1075907
-5.1752521
-4.8137943
-4.8158142
-5.1811803
-6.8861117
-9.3326395
-7.6647717
-6.7569085
-7.894957
-6.5939941
-5.6462604
-4.9464972
-5.3017252
-7.2645378
-6.5668049
-6.6138315
-6.2388666
-4.8256194
-5.6967271
-4.5394865
-5.8848924
-5.548786
-4.6685063
-6.0330557
-6.0293339
-5.7707957
-6.8843284
-5.6079419
-6.0816126
-5.4615444
-5.7505269
-4.9782192
-4.9704287
-6.5469604
-7.1477491
-5.8314169
-8.7005895
-7.4054806
-7.3092872
-7.1596409
-7.6179836
-7.6672769
-6.2422955
-5.9905928
-6.4560814
-6.0440296
-6.5215519
-5.631496
-5.5769288
-9.2369747
-7.3096456
-6.7499434
-6.5904397
-5.8386233
-9.0849544
-5.1337008
-5.9446359
-5.7751017
-6.9267244
-7.4091578
-6.5061375
-6.59948
-6.0174619
-5.5556732
-6.554288
-6.6693167
-5.8243816
-6.9761805
-5.7829552
-5.6024196
-5.8176815
-5.5799649
-6.7236683
-6.1839567
-5.4221557
-5.5793658
-9.1357989
-7.1494179
-5.0737155
-6.256691
-5.2098385
-4.9808369
-7.00605
-5.7389224
-5.5027241
-5.7012969
-7.4471826
-8.3254838
-5.5337149
-6.1287197
-6.0045383
-7.8199608
-8.4097003
-5.3671087
-5.4183851
-6.541599
-5.5858665
-7.4868843
-5.37436
-5.4969529
-6.353321
-5.604461
-6.7571948
-5.5929296
-5.8688875
-5.8048818
-6.1278374
-6.1868631
-5.571335
-5.603785
-5.7276923
-5.7211171
-6.603484
-4.88763
-6.0766624
-5.236965
-4.7183454
-5.0302353
-5.7502918
-5.8831137
-6.3395818
-6.3242233
-5.7574434
-5.7050905
-6.4744992
-5.5663468
-5.9360459
-7.2588093
-5.0599693
-5.0686448
-5.9749791
-5.5537727
-5.818617
-4.6932372
-6.7866528
-8.3064841
-6.4460415
-7.0149792
-8.2900758
-6.9327041
-7.2339567
-6.1952075
-7.6767352
-8.3812189
-8.0077463
-7.836531
-5.7843051
-6.520215
-7.3425021
-7.4166036
-6.6223998
-5.001092
-5.4328137
-5.3686842
-9.9197001
-5.2147831
-5.2353206
-5.0724341
-5.3011801
-5.9486102
-5.8978061
-5.4822844
-5.8526456
-5.7517556
-5.9802352
-7.4888919
-7.0110531
-5.767049
-5.5719985
-6.5600942
-6.3468298
-5.349772
-5.0053185
-5.242452
-5.1924593
-7.2698615
-6.1160169
-6.8277137
-6.3795732
-8.7678592
-5.528938
-5.8498987
-5.0448174
-4.6120633
-4.557223
-6.3685073
-4.9795428
-4.5288203
-4.4809079
-5.2922843
-4.6662848
-5.8234568
-4.8680707
-5.1360691
-5.3714999
-6.5989705
-5.7489455
-7.0513412
-5.3523529
-5.8438196
-6.6692838
-6.3828671
-5.796018
-5.7292534
-5.789626
-7.6045163
-5.3245375
-4.71354
-4.5547421
-5.4547774
-5.2504553
-4.7880227
-4.7589419
-4.8134105
-4.7614895
-7.2030898
-8.4630999
-6.6975505
-5.6714041
-5.9140806
-4.733914
-5.1313285
-5.1119933
-5.4013646
-5.2957315
-6.5790362
-5.0749057
-5.392698
-5.6318708
-4.7664947
-5.4323752
-7.0211584
-6.2375809
-5.1519614
-6.9018818
-7.0773449
-5.6861957
-5.7853406
-7.1525373
-7.319953
-8.2489138
-6.5762493
-5.7262762
-8.4884653
-5.7180489
-5.7223566
-6.4091544
-6.130934
-7.5983262
-5.8456121
-6.4050103
-5.8414654
-5.857626
-6.7995848
-7.1799994
-8.0330315
-5.3166992
-6.5529305
-5.5402671
-5.1278904
-6.8607359
-5.3739225
-5.3695754
-5.5219554
-7.2147943
-6.0753803
-5.3536452
-5.8709838
-5.5968973
-6.8444561
-5.9195468
-5.2265738
-5.3200542
-6.202844
-5.3676685
-5.5756434
-5.1762279
-5.4206928
-6.0882603
-5.4115509
-6.7982315
-5.4512573
-5.8761908
-5.4604594
-5.8431991
-6.2105392
-5.4461533
-5.6084735
-5.4216192
-5.4429486
-6.9352867
-5.4228287
-5.544836
-4.9273486
-5.1551628
-5.6700174
-4.6553319
-6.3189268
-7.5439824
-6.1847349
-7.275664
-8.7463087
-7.1575199
-7.3889788
-5.4959617
-7.3135411
-7.7286568
-7.3392625
-8.0670263
-5.8973175
-5.6167068
-7.3947568
-6.7653601
-6.0494291
-5.8000792
-5.9082988
-6.1318315
-6.8548743
-5.7139318
-5.3330542
-4.9768771
-4.9015084
-7.0904728
-5.7780463
-6.4444905
-6.4436194
-8.9768377
-5.3570837
-4.6144996
)
;
        valueFraction   uniform 0;
        value           nonuniform List<scalar> 
364
(
303.36499
302.97728
300.69662
302.23341
301.18797
301.68071
305.82213
305.0625
302.02987
302.63315
303.59042
305.73254
304.1541
304.24221
303.28191
303.68021
301.1286
300.62935
302.31569
303.52737
301.38257
301.81225
301.27333
301.25329
301.19295
301.21277
301.1435
301.25618
301.70123
301.27253
301.8647
301.94276
301.84868
301.74965
301.75093
301.86487
301.25619
301.25959
301.87485
304.74587
308.8657
306.0571
304.5283
306.44472
304.25396
302.65802
301.47966
302.07784
305.38312
304.20818
304.28737
303.65594
301.2761
302.74301
300.79427
303.05987
302.49388
301.01153
303.30937
303.3031
302.86773
304.74287
302.5935
303.39114
302.34697
302.8336
301.53308
301.51996
304.17476
305.18646
302.96982
307.80136
305.62046
305.45848
305.20648
305.97831
306.06132
303.66172
303.23786
304.02172
303.32785
304.13197
302.63316
302.54127
308.70461
305.45908
304.51657
304.24798
302.98195
308.44861
301.7949
303.16047
302.87499
304.81426
305.62666
304.10601
304.2632
303.28311
302.50548
304.1871
304.3808
302.95797
304.89754
302.88821
302.5842
302.94669
302.54639
304.47233
303.56348
302.28064
302.54538
308.53423
305.18927
301.69389
303.68596
301.92311
301.53748
304.94784
302.81406
302.41632
302.7507
305.69069
307.1697
302.4685
303.47046
303.26135
306.31843
307.31152
302.18795
302.27429
304.16573
302.55632
305.75754
302.20016
302.4066
303.84868
302.58764
304.52878
302.56822
303.03292
302.92513
303.46898
303.56837
302.53185
302.5865
302.79515
302.78408
304.26994
301.38053
303.3828
301.96879
301.09546
301.62067
302.83321
303.05687
303.82554
303.79968
302.84525
302.75709
304.05274
302.52345
303.14601
305.37348
301.67074
301.68535
303.21157
302.50228
302.94826
301.05318
304.57839
307.13771
304.00482
304.96288
307.11008
304.82433
305.33163
303.58242
306.07724
307.26356
306.63465
306.34633
302.89048
304.12972
305.51441
305.63919
304.30179
301.57159
302.29859
302.1906
309.85429
301.93144
301.96602
301.69173
302.07693
303.16717
303.08161
302.3819
303.00557
302.83567
303.22042
305.76092
304.95627
302.86143
302.53297
304.19687
303.83775
302.15875
301.57871
301.97803
301.89385
305.39209
303.44907
304.64753
303.89289
307.91464
302.46046
303.00094
301.64522
300.91649
300.82414
303.87425
301.5353
300.77631
300.69563
302.06195
301.00779
302.95641
301.34759
301.79889
302.19534
304.26234
302.83094
305.02411
302.1631
302.9907
304.38074
303.89843
302.91021
302.79778
302.89944
305.95563
302.11626
301.08737
300.81996
302.33558
301.99151
301.21279
301.16382
301.25555
301.16811
305.27965
307.40144
304.42834
302.70036
303.10902
301.12168
301.7909
301.75834
302.24563
302.06775
304.22877
301.69589
302.23104
302.63379
301.17654
302.29785
304.97328
303.65378
301.82565
304.77243
305.0679
302.72527
302.89223
305.19452
305.47644
307.04076
304.22408
302.79277
307.44416
302.77891
302.78617
303.9427
303.47419
305.94521
302.99372
303.93572
302.98674
303.01395
304.60017
305.24076
306.67723
302.10306
304.18481
302.47954
301.78511
304.70314
302.19942
302.1921
302.4487
305.29936
303.38064
302.16527
303.03645
302.5749
304.67573
303.11822
301.95129
302.10871
303.59528
302.18889
302.53911
301.86651
302.27818
303.40233
302.26278
304.59789
302.32965
303.04522
302.34514
302.98966
303.60824
302.32105
302.59439
302.27974
302.31566
304.82868
302.28178
302.48723
301.44741
301.83104
302.69803
300.98935
303.79076
305.85369
303.56479
305.40186
307.87835
305.20291
305.59268
302.40493
305.46564
306.16468
305.50896
306.73447
303.08079
302.60826
305.60241
304.54253
303.33694
302.91705
303.09928
303.4757
304.69327
302.77198
302.1306
301.53082
301.4039
305.09001
302.87994
304.0022
304.00074
308.26655
302.17106
300.92059
)
;
        hcoeff          0.405;
        Tamb            "$FOAM_CASE/0/buildings/T_room.dat";
    }
}


// ************************************************************************* //
