/*--------------------------------*- C++ -*----------------------------------*\
  =========                 |
  \\      /  F ield         | OpenFOAM: The Open Source CFD Toolbox
   \\    /   O peration     | Website:  https://openfoam.org
    \\  /    A nd           | Version:  8
     \\/     M anipulation  |
\*---------------------------------------------------------------------------*/
FoamFile
{
    version     2.0;
    format      ascii;
    class       labelList;
    note        "nPoints:2651  nCells:3640  nFaces:9844  nInternalFaces:8356";
    location    "constant/buildings/polyMesh";
    object      neighbour;
}
// * * * * * * * * * * * * * * * * * * * * * * * * * * * * * * * * * * * * * //


8356
(
5
232
364
232
233
365
4
233
366
4
234
367
235
368
234
369
232
234
235
370
236
239
240
371
11
236
237
372
11
237
238
373
238
239
240
374
240
375
14
16
17
376
14
15
19
377
18
378
241
245
379
241
242
380
242
243
381
243
244
382
244
245
383
21
22
49
384
52
385
46
386
246
247
248
387
32
247
249
388
33
248
249
389
36
37
249
390
28
29
246
391
34
48
392
31
246
393
31
32
247
394
53
395
38
396
34
35
397
248
398
37
39
399
37
38
400
401
43
402
43
250
403
44
250
251
404
45
252
254
405
43
45
54
406
407
45
254
408
409
47
253
410
254
411
49
53
412
51
413
51
250
251
414
253
415
53
255
416
417
252
255
418
256
259
260
419
256
257
260
420
59
257
258
421
59
258
259
422
260
423
62
66
67
424
62
63
64
425
65
426
261
265
427
261
262
428
262
263
429
263
264
430
264
265
431
71
266
268
432
72
267
269
433
71
267
268
434
269
435
269
270
436
74
76
272
437
75
271
438
275
276
439
273
274
440
78
85
86
441
80
81
442
80
83
84
443
82
444
271
276
445
271
272
446
272
273
447
273
274
448
274
275
449
275
276
450
93
277
282
451
95
277
278
452
94
278
279
453
94
279
280
454
280
281
283
455
281
282
283
456
95
283
457
95
458
459
281
282
284
460
98
279
280
461
278
284
462
100
102
108
463
101
109
464
110
111
465
107
112
466
104
288
289
467
106
287
468
106
285
290
469
286
470
285
290
471
285
286
472
286
287
473
287
288
474
288
289
475
289
290
476
291
294
477
291
292
478
292
293
479
293
294
480
293
294
295
481
296
299
300
482
296
297
300
483
122
297
298
484
122
298
299
485
300
486
301
304
305
487
301
302
305
488
127
302
303
489
127
303
304
490
305
491
306
309
310
492
306
307
310
493
132
307
308
494
132
308
309
495
310
496
311
314
315
497
311
312
315
498
137
312
313
499
137
313
314
500
315
501
316
319
320
502
316
317
320
503
142
317
318
504
142
318
319
505
320
506
321
324
325
507
321
322
325
508
147
322
323
509
147
323
324
510
325
511
150
168
330
512
150
170
326
513
182
514
152
169
331
515
161
326
516
154
156
337
517
157
165
518
156
158
162
519
326
520
334
344
521
181
336
522
176
327
523
161
162
327
524
180
525
184
526
328
339
527
165
182
328
528
183
529
329
332
333
530
329
330
333
531
331
532
170
332
533
333
534
334
337
338
535
334
335
338
536
175
335
336
537
175
336
337
538
338
539
339
343
540
179
328
340
541
181
183
341
542
184
342
543
331
343
544
344
545
343
546
342
547
341
548
198
345
349
549
187
188
345
550
196
346
551
200
228
552
197
346
347
553
191
216
347
554
193
197
555
193
199
225
556
194
557
348
350
558
348
349
350
559
197
198
560
561
350
562
202
226
563
202
230
564
348
349
351
565
351
566
207
352
360
567
224
353
361
568
209
210
354
569
207
215
353
570
354
571
354
355
358
572
355
356
573
356
357
574
218
352
358
575
353
359
362
576
220
229
360
577
231
360
361
578
357
362
579
217
225
580
363
581
219
363
582
221
352
583
221
228
584
346
585
223
224
586
225
227
587
359
588
589
227
230
590
361
591
229
592
231
593
231
594
595
596
235
597
598
599
600
601
602
603
604
605
606
607
608
609
610
611
612
613
614
253
615
616
617
618
619
620
621
622
623
624
625
626
627
628
629
270
630
631
632
633
634
635
636
637
638
639
640
284
641
642
643
644
645
646
647
648
649
650
651
652
653
654
295
655
295
656
657
658
659
660
661
662
663
664
665
666
667
668
669
670
671
672
673
674
675
676
677
678
679
680
681
682
683
684
685
686
687
688
689
690
340
691
692
693
694
695
696
697
698
344
699
700
701
702
703
704
342
705
706
707
708
351
709
710
363
711
712
713
714
715
716
717
718
719
720
721
722
723
724
725
726
727
369
596
728
596
597
729
368
597
730
368
598
731
599
732
598
733
596
598
599
734
600
603
604
735
375
600
601
736
375
601
602
737
602
603
604
738
604
739
378
380
381
740
378
379
383
741
382
742
605
609
743
605
606
744
606
607
745
607
608
746
608
609
747
385
386
413
748
416
749
410
750
610
611
612
751
396
611
613
752
397
612
613
753
400
401
613
754
392
393
610
755
398
412
756
395
610
757
395
396
611
758
417
759
402
760
398
399
761
612
762
401
403
763
401
402
764
765
407
766
407
614
767
408
614
615
768
409
616
618
769
407
409
418
770
771
409
618
772
773
411
617
774
618
775
413
417
776
415
777
415
614
615
778
617
779
417
619
780
781
616
619
782
620
623
624
783
620
621
624
784
423
621
622
785
423
622
623
786
624
787
426
430
431
788
426
427
428
789
429
790
625
629
791
625
626
792
626
627
793
627
628
794
628
629
795
435
630
632
796
436
631
633
797
435
631
632
798
633
799
633
634
800
438
440
636
801
439
635
802
639
640
803
637
638
804
442
449
450
805
444
445
806
444
447
448
807
446
808
635
640
809
635
636
810
636
637
811
637
638
812
638
639
813
639
640
814
457
641
646
815
459
641
642
816
458
642
643
817
458
643
644
818
644
645
647
819
645
646
647
820
459
647
821
459
822
823
645
646
648
824
462
643
644
825
642
648
826
464
466
472
827
465
473
828
474
475
829
471
476
830
468
652
653
831
470
651
832
470
649
654
833
650
834
649
654
835
649
650
836
650
651
837
651
652
838
652
653
839
653
654
840
655
658
841
655
656
842
656
657
843
657
658
844
657
658
659
845
660
663
664
846
660
661
664
847
486
661
662
848
486
662
663
849
664
850
665
668
669
851
665
666
669
852
491
666
667
853
491
667
668
854
669
855
670
673
674
856
670
671
674
857
496
671
672
858
496
672
673
859
674
860
675
678
679
861
675
676
679
862
501
676
677
863
501
677
678
864
679
865
680
683
684
866
680
681
684
867
506
681
682
868
506
682
683
869
684
870
685
688
689
871
685
686
689
872
511
686
687
873
511
687
688
874
689
875
514
532
694
876
514
534
690
877
546
878
516
533
695
879
525
690
880
518
520
701
881
521
529
882
520
522
526
883
690
884
698
708
885
545
700
886
540
691
887
525
526
691
888
544
889
548
890
692
703
891
529
546
692
892
547
893
693
696
697
894
693
694
697
895
695
896
534
696
897
697
898
698
701
702
899
698
699
702
900
539
699
700
901
539
700
701
902
702
903
703
707
904
543
692
704
905
545
547
705
906
548
706
907
695
707
908
708
909
707
910
706
911
705
912
562
709
713
913
551
552
709
914
560
710
915
564
592
916
561
710
711
917
555
580
711
918
557
561
919
557
563
589
920
558
921
712
714
922
712
713
714
923
561
562
924
925
714
926
566
590
927
566
594
928
712
713
715
929
715
930
571
716
724
931
588
717
725
932
573
574
718
933
571
579
717
934
718
935
718
719
722
936
719
720
937
720
721
938
582
716
722
939
717
723
726
940
584
593
724
941
595
724
725
942
721
726
943
581
589
944
727
945
583
727
946
585
716
947
585
592
948
710
949
587
588
950
589
591
951
723
952
953
591
594
954
725
955
593
956
595
957
595
958
959
960
599
961
962
963
964
965
966
967
968
969
970
971
972
973
974
975
976
977
978
617
979
980
981
982
983
984
985
986
987
988
989
990
991
992
993
634
994
995
996
997
998
999
1000
1001
1002
1003
1004
648
1005
1006
1007
1008
1009
1010
1011
1012
1013
1014
1015
1016
1017
1018
659
1019
659
1020
1021
1022
1023
1024
1025
1026
1027
1028
1029
1030
1031
1032
1033
1034
1035
1036
1037
1038
1039
1040
1041
1042
1043
1044
1045
1046
1047
1048
1049
1050
1051
1052
1053
1054
704
1055
1056
1057
1058
1059
1060
1061
1062
708
1063
1064
1065
1066
1067
1068
706
1069
1070
1071
1072
715
1073
1074
727
1075
1076
1077
1078
1079
1080
1081
1082
1083
1084
1085
1086
1087
1088
1089
1090
1091
733
960
1092
960
961
1093
732
961
1094
732
962
1095
963
1096
962
1097
960
962
963
1098
964
967
968
1099
739
964
965
1100
739
965
966
1101
966
967
968
1102
968
1103
742
744
745
1104
742
743
747
1105
746
1106
969
973
1107
969
970
1108
970
971
1109
971
972
1110
972
973
1111
749
750
777
1112
780
1113
774
1114
974
975
976
1115
760
975
977
1116
761
976
977
1117
764
765
977
1118
756
757
974
1119
762
776
1120
759
974
1121
759
760
975
1122
781
1123
766
1124
762
763
1125
976
1126
765
767
1127
765
766
1128
1129
771
1130
771
978
1131
772
978
979
1132
773
980
982
1133
771
773
782
1134
1135
773
982
1136
1137
775
981
1138
982
1139
777
781
1140
779
1141
779
978
979
1142
981
1143
781
983
1144
1145
980
983
1146
984
987
988
1147
984
985
988
1148
787
985
986
1149
787
986
987
1150
988
1151
790
794
795
1152
790
791
792
1153
793
1154
989
993
1155
989
990
1156
990
991
1157
991
992
1158
992
993
1159
799
994
996
1160
800
995
997
1161
799
995
996
1162
997
1163
997
998
1164
802
804
1000
1165
803
999
1166
1003
1004
1167
1001
1002
1168
806
813
814
1169
808
809
1170
808
811
812
1171
810
1172
999
1004
1173
999
1000
1174
1000
1001
1175
1001
1002
1176
1002
1003
1177
1003
1004
1178
821
1005
1010
1179
823
1005
1006
1180
822
1006
1007
1181
822
1007
1008
1182
1008
1009
1011
1183
1009
1010
1011
1184
823
1011
1185
823
1186
1187
1009
1010
1012
1188
826
1007
1008
1189
1006
1012
1190
828
830
836
1191
829
837
1192
838
839
1193
835
840
1194
832
1016
1017
1195
834
1015
1196
834
1013
1018
1197
1014
1198
1013
1018
1199
1013
1014
1200
1014
1015
1201
1015
1016
1202
1016
1017
1203
1017
1018
1204
1019
1022
1205
1019
1020
1206
1020
1021
1207
1021
1022
1208
1021
1022
1023
1209
1024
1027
1028
1210
1024
1025
1028
1211
850
1025
1026
1212
850
1026
1027
1213
1028
1214
1029
1032
1033
1215
1029
1030
1033
1216
855
1030
1031
1217
855
1031
1032
1218
1033
1219
1034
1037
1038
1220
1034
1035
1038
1221
860
1035
1036
1222
860
1036
1037
1223
1038
1224
1039
1042
1043
1225
1039
1040
1043
1226
865
1040
1041
1227
865
1041
1042
1228
1043
1229
1044
1047
1048
1230
1044
1045
1048
1231
870
1045
1046
1232
870
1046
1047
1233
1048
1234
1049
1052
1053
1235
1049
1050
1053
1236
875
1050
1051
1237
875
1051
1052
1238
1053
1239
878
896
1058
1240
878
898
1054
1241
910
1242
880
897
1059
1243
889
1054
1244
882
884
1065
1245
885
893
1246
884
886
890
1247
1054
1248
1062
1072
1249
909
1064
1250
904
1055
1251
889
890
1055
1252
908
1253
912
1254
1056
1067
1255
893
910
1056
1256
911
1257
1057
1060
1061
1258
1057
1058
1061
1259
1059
1260
898
1060
1261
1061
1262
1062
1065
1066
1263
1062
1063
1066
1264
903
1063
1064
1265
903
1064
1065
1266
1066
1267
1067
1071
1268
907
1056
1068
1269
909
911
1069
1270
912
1070
1271
1059
1071
1272
1072
1273
1071
1274
1070
1275
1069
1276
926
1073
1077
1277
915
916
1073
1278
924
1074
1279
928
956
1280
925
1074
1075
1281
919
944
1075
1282
921
925
1283
921
927
953
1284
922
1285
1076
1078
1286
1076
1077
1078
1287
925
926
1288
1289
1078
1290
930
954
1291
930
958
1292
1076
1077
1079
1293
1079
1294
935
1080
1088
1295
952
1081
1089
1296
937
938
1082
1297
935
943
1081
1298
1082
1299
1082
1083
1086
1300
1083
1084
1301
1084
1085
1302
946
1080
1086
1303
1081
1087
1090
1304
948
957
1088
1305
959
1088
1089
1306
1085
1090
1307
945
953
1308
1091
1309
947
1091
1310
949
1080
1311
949
956
1312
1074
1313
951
952
1314
953
955
1315
1087
1316
1317
955
958
1318
1089
1319
957
1320
959
1321
959
1322
1323
1324
963
1325
1326
1327
1328
1329
1330
1331
1332
1333
1334
1335
1336
1337
1338
1339
1340
1341
1342
981
1343
1344
1345
1346
1347
1348
1349
1350
1351
1352
1353
1354
1355
1356
1357
998
1358
1359
1360
1361
1362
1363
1364
1365
1366
1367
1368
1012
1369
1370
1371
1372
1373
1374
1375
1376
1377
1378
1379
1380
1381
1382
1023
1383
1023
1384
1385
1386
1387
1388
1389
1390
1391
1392
1393
1394
1395
1396
1397
1398
1399
1400
1401
1402
1403
1404
1405
1406
1407
1408
1409
1410
1411
1412
1413
1414
1415
1416
1417
1418
1068
1419
1420
1421
1422
1423
1424
1425
1426
1072
1427
1428
1429
1430
1431
1432
1070
1433
1434
1435
1436
1079
1437
1438
1091
1439
1440
1441
1442
1443
1444
1445
1446
1447
1448
1449
1450
1451
1452
1453
1454
1455
1097
1324
1456
1324
1325
1457
1096
1325
1458
1096
1326
1459
1327
1460
1326
1461
1324
1326
1327
1462
1328
1331
1332
1463
1103
1328
1329
1464
1103
1329
1330
1465
1330
1331
1332
1466
1332
1467
1106
1108
1109
1468
1106
1107
1111
1469
1110
1470
1333
1337
1471
1333
1334
1472
1334
1335
1473
1335
1336
1474
1336
1337
1475
1113
1114
1141
1476
1144
1477
1138
1478
1338
1339
1340
1479
1124
1339
1341
1480
1125
1340
1341
1481
1128
1129
1341
1482
1120
1121
1338
1483
1126
1140
1484
1123
1338
1485
1123
1124
1339
1486
1145
1487
1130
1488
1126
1127
1489
1340
1490
1129
1131
1491
1129
1130
1492
1493
1135
1494
1135
1342
1495
1136
1342
1343
1496
1137
1344
1346
1497
1135
1137
1146
1498
1499
1137
1346
1500
1501
1139
1345
1502
1346
1503
1141
1145
1504
1143
1505
1143
1342
1343
1506
1345
1507
1145
1347
1508
1509
1344
1347
1510
1348
1351
1352
1511
1348
1349
1352
1512
1151
1349
1350
1513
1151
1350
1351
1514
1352
1515
1154
1158
1159
1516
1154
1155
1156
1517
1157
1518
1353
1357
1519
1353
1354
1520
1354
1355
1521
1355
1356
1522
1356
1357
1523
1163
1358
1360
1524
1164
1359
1361
1525
1163
1359
1360
1526
1361
1527
1361
1362
1528
1166
1168
1364
1529
1167
1363
1530
1367
1368
1531
1365
1366
1532
1170
1177
1178
1533
1172
1173
1534
1172
1175
1176
1535
1174
1536
1363
1368
1537
1363
1364
1538
1364
1365
1539
1365
1366
1540
1366
1367
1541
1367
1368
1542
1185
1369
1374
1543
1187
1369
1370
1544
1186
1370
1371
1545
1186
1371
1372
1546
1372
1373
1375
1547
1373
1374
1375
1548
1187
1375
1549
1187
1550
1551
1373
1374
1376
1552
1190
1371
1372
1553
1370
1376
1554
1192
1194
1200
1555
1193
1201
1556
1202
1203
1557
1199
1204
1558
1196
1380
1381
1559
1198
1379
1560
1198
1377
1382
1561
1378
1562
1377
1382
1563
1377
1378
1564
1378
1379
1565
1379
1380
1566
1380
1381
1567
1381
1382
1568
1383
1386
1569
1383
1384
1570
1384
1385
1571
1385
1386
1572
1385
1386
1387
1573
1388
1391
1392
1574
1388
1389
1392
1575
1214
1389
1390
1576
1214
1390
1391
1577
1392
1578
1393
1396
1397
1579
1393
1394
1397
1580
1219
1394
1395
1581
1219
1395
1396
1582
1397
1583
1398
1401
1402
1584
1398
1399
1402
1585
1224
1399
1400
1586
1224
1400
1401
1587
1402
1588
1403
1406
1407
1589
1403
1404
1407
1590
1229
1404
1405
1591
1229
1405
1406
1592
1407
1593
1408
1411
1412
1594
1408
1409
1412
1595
1234
1409
1410
1596
1234
1410
1411
1597
1412
1598
1413
1416
1417
1599
1413
1414
1417
1600
1239
1414
1415
1601
1239
1415
1416
1602
1417
1603
1242
1260
1422
1604
1242
1262
1418
1605
1274
1606
1244
1261
1423
1607
1253
1418
1608
1246
1248
1429
1609
1249
1257
1610
1248
1250
1254
1611
1418
1612
1426
1436
1613
1273
1428
1614
1268
1419
1615
1253
1254
1419
1616
1272
1617
1276
1618
1420
1431
1619
1257
1274
1420
1620
1275
1621
1421
1424
1425
1622
1421
1422
1425
1623
1423
1624
1262
1424
1625
1425
1626
1426
1429
1430
1627
1426
1427
1430
1628
1267
1427
1428
1629
1267
1428
1429
1630
1430
1631
1431
1435
1632
1271
1420
1432
1633
1273
1275
1433
1634
1276
1434
1635
1423
1435
1636
1436
1637
1435
1638
1434
1639
1433
1640
1290
1437
1441
1641
1279
1280
1437
1642
1288
1438
1643
1292
1320
1644
1289
1438
1439
1645
1283
1308
1439
1646
1285
1289
1647
1285
1291
1317
1648
1286
1649
1440
1442
1650
1440
1441
1442
1651
1289
1290
1652
1653
1442
1654
1294
1318
1655
1294
1322
1656
1440
1441
1443
1657
1443
1658
1299
1444
1452
1659
1316
1445
1453
1660
1301
1302
1446
1661
1299
1307
1445
1662
1446
1663
1446
1447
1450
1664
1447
1448
1665
1448
1449
1666
1310
1444
1450
1667
1445
1451
1454
1668
1312
1321
1452
1669
1323
1452
1453
1670
1449
1454
1671
1309
1317
1672
1455
1673
1311
1455
1674
1313
1444
1675
1313
1320
1676
1438
1677
1315
1316
1678
1317
1319
1679
1451
1680
1681
1319
1322
1682
1453
1683
1321
1684
1323
1685
1323
1686
1687
1688
1327
1689
1690
1691
1692
1693
1694
1695
1696
1697
1698
1699
1700
1701
1702
1703
1704
1705
1706
1345
1707
1708
1709
1710
1711
1712
1713
1714
1715
1716
1717
1718
1719
1720
1721
1362
1722
1723
1724
1725
1726
1727
1728
1729
1730
1731
1732
1376
1733
1734
1735
1736
1737
1738
1739
1740
1741
1742
1743
1744
1745
1746
1387
1747
1387
1748
1749
1750
1751
1752
1753
1754
1755
1756
1757
1758
1759
1760
1761
1762
1763
1764
1765
1766
1767
1768
1769
1770
1771
1772
1773
1774
1775
1776
1777
1778
1779
1780
1781
1782
1432
1783
1784
1785
1786
1787
1788
1789
1790
1436
1791
1792
1793
1794
1795
1796
1434
1797
1798
1799
1800
1443
1801
1802
1455
1803
1804
1805
1806
1807
1808
1809
1810
1811
1812
1813
1814
1815
1816
1817
1818
1819
1461
1688
1820
1688
1689
1821
1460
1689
1822
1460
1690
1823
1691
1824
1690
1825
1688
1690
1691
1826
1692
1695
1696
1827
1467
1692
1693
1828
1467
1693
1694
1829
1694
1695
1696
1830
1696
1831
1470
1472
1473
1832
1470
1471
1475
1833
1474
1834
1697
1701
1835
1697
1698
1836
1698
1699
1837
1699
1700
1838
1700
1701
1839
1477
1478
1505
1840
1508
1841
1502
1842
1702
1703
1704
1843
1488
1703
1705
1844
1489
1704
1705
1845
1492
1493
1705
1846
1484
1485
1702
1847
1490
1504
1848
1487
1702
1849
1487
1488
1703
1850
1509
1851
1494
1852
1490
1491
1853
1704
1854
1493
1495
1855
1493
1494
1856
1857
1499
1858
1499
1706
1859
1500
1706
1707
1860
1501
1708
1710
1861
1499
1501
1510
1862
1863
1501
1710
1864
1865
1503
1709
1866
1710
1867
1505
1509
1868
1507
1869
1507
1706
1707
1870
1709
1871
1509
1711
1872
1873
1708
1711
1874
1712
1715
1716
1875
1712
1713
1716
1876
1515
1713
1714
1877
1515
1714
1715
1878
1716
1879
1518
1522
1523
1880
1518
1519
1520
1881
1521
1882
1717
1721
1883
1717
1718
1884
1718
1719
1885
1719
1720
1886
1720
1721
1887
1527
1722
1724
1888
1528
1723
1725
1889
1527
1723
1724
1890
1725
1891
1725
1726
1892
1530
1532
1728
1893
1531
1727
1894
1731
1732
1895
1729
1730
1896
1534
1541
1542
1897
1536
1537
1898
1536
1539
1540
1899
1538
1900
1727
1732
1901
1727
1728
1902
1728
1729
1903
1729
1730
1904
1730
1731
1905
1731
1732
1906
1549
1733
1738
1907
1551
1733
1734
1908
1550
1734
1735
1909
1550
1735
1736
1910
1736
1737
1739
1911
1737
1738
1739
1912
1551
1739
1913
1551
1914
1915
1737
1738
1740
1916
1554
1735
1736
1917
1734
1740
1918
1556
1558
1564
1919
1557
1565
1920
1566
1567
1921
1563
1568
1922
1560
1744
1745
1923
1562
1743
1924
1562
1741
1746
1925
1742
1926
1741
1746
1927
1741
1742
1928
1742
1743
1929
1743
1744
1930
1744
1745
1931
1745
1746
1932
1747
1750
1933
1747
1748
1934
1748
1749
1935
1749
1750
1936
1749
1750
1751
1937
1752
1755
1756
1938
1752
1753
1756
1939
1578
1753
1754
1940
1578
1754
1755
1941
1756
1942
1757
1760
1761
1943
1757
1758
1761
1944
1583
1758
1759
1945
1583
1759
1760
1946
1761
1947
1762
1765
1766
1948
1762
1763
1766
1949
1588
1763
1764
1950
1588
1764
1765
1951
1766
1952
1767
1770
1771
1953
1767
1768
1771
1954
1593
1768
1769
1955
1593
1769
1770
1956
1771
1957
1772
1775
1776
1958
1772
1773
1776
1959
1598
1773
1774
1960
1598
1774
1775
1961
1776
1962
1777
1780
1781
1963
1777
1778
1781
1964
1603
1778
1779
1965
1603
1779
1780
1966
1781
1967
1606
1624
1786
1968
1606
1626
1782
1969
1638
1970
1608
1625
1787
1971
1617
1782
1972
1610
1612
1793
1973
1613
1621
1974
1612
1614
1618
1975
1782
1976
1790
1800
1977
1637
1792
1978
1632
1783
1979
1617
1618
1783
1980
1636
1981
1640
1982
1784
1795
1983
1621
1638
1784
1984
1639
1985
1785
1788
1789
1986
1785
1786
1789
1987
1787
1988
1626
1788
1989
1789
1990
1790
1793
1794
1991
1790
1791
1794
1992
1631
1791
1792
1993
1631
1792
1793
1994
1794
1995
1795
1799
1996
1635
1784
1796
1997
1637
1639
1797
1998
1640
1798
1999
1787
1799
2000
1800
2001
1799
2002
1798
2003
1797
2004
1654
1801
1805
2005
1643
1644
1801
2006
1652
1802
2007
1656
1684
2008
1653
1802
1803
2009
1647
1672
1803
2010
1649
1653
2011
1649
1655
1681
2012
1650
2013
1804
1806
2014
1804
1805
1806
2015
1653
1654
2016
2017
1806
2018
1658
1682
2019
1658
1686
2020
1804
1805
1807
2021
1807
2022
1663
1808
1816
2023
1680
1809
1817
2024
1665
1666
1810
2025
1663
1671
1809
2026
1810
2027
1810
1811
1814
2028
1811
1812
2029
1812
1813
2030
1674
1808
1814
2031
1809
1815
1818
2032
1676
1685
1816
2033
1687
1816
1817
2034
1813
1818
2035
1673
1681
2036
1819
2037
1675
1819
2038
1677
1808
2039
1677
1684
2040
1802
2041
1679
1680
2042
1681
1683
2043
1815
2044
2045
1683
1686
2046
1817
2047
1685
2048
1687
2049
1687
2050
2051
2052
1691
2053
2054
2055
2056
2057
2058
2059
2060
2061
2062
2063
2064
2065
2066
2067
2068
2069
2070
1709
2071
2072
2073
2074
2075
2076
2077
2078
2079
2080
2081
2082
2083
2084
2085
1726
2086
2087
2088
2089
2090
2091
2092
2093
2094
2095
2096
1740
2097
2098
2099
2100
2101
2102
2103
2104
2105
2106
2107
2108
2109
2110
1751
2111
1751
2112
2113
2114
2115
2116
2117
2118
2119
2120
2121
2122
2123
2124
2125
2126
2127
2128
2129
2130
2131
2132
2133
2134
2135
2136
2137
2138
2139
2140
2141
2142
2143
2144
2145
2146
1796
2147
2148
2149
2150
2151
2152
2153
2154
1800
2155
2156
2157
2158
2159
2160
1798
2161
2162
2163
2164
1807
2165
2166
1819
2167
2168
2169
2170
2171
2172
2173
2174
2175
2176
2177
2178
2179
2180
2181
2182
2183
1825
2052
2184
2052
2053
2185
1824
2053
2186
1824
2054
2187
2055
2188
2054
2189
2052
2054
2055
2190
2056
2059
2060
2191
1831
2056
2057
2192
1831
2057
2058
2193
2058
2059
2060
2194
2060
2195
1834
1836
1837
2196
1834
1835
1839
2197
1838
2198
2061
2065
2199
2061
2062
2200
2062
2063
2201
2063
2064
2202
2064
2065
2203
1841
1842
1869
2204
1872
2205
1866
2206
2066
2067
2068
2207
1852
2067
2069
2208
1853
2068
2069
2209
1856
1857
2069
2210
1848
1849
2066
2211
1854
1868
2212
1851
2066
2213
1851
1852
2067
2214
1873
2215
1858
2216
1854
1855
2217
2068
2218
1857
1859
2219
1857
1858
2220
2221
1863
2222
1863
2070
2223
1864
2070
2071
2224
1865
2072
2074
2225
1863
1865
1874
2226
2227
1865
2074
2228
2229
1867
2073
2230
2074
2231
1869
1873
2232
1871
2233
1871
2070
2071
2234
2073
2235
1873
2075
2236
2237
2072
2075
2238
2076
2079
2080
2239
2076
2077
2080
2240
1879
2077
2078
2241
1879
2078
2079
2242
2080
2243
1882
1886
1887
2244
1882
1883
1884
2245
1885
2246
2081
2085
2247
2081
2082
2248
2082
2083
2249
2083
2084
2250
2084
2085
2251
1891
2086
2088
2252
1892
2087
2089
2253
1891
2087
2088
2254
2089
2255
2089
2090
2256
1894
1896
2092
2257
1895
2091
2258
2095
2096
2259
2093
2094
2260
1898
1905
1906
2261
1900
1901
2262
1900
1903
1904
2263
1902
2264
2091
2096
2265
2091
2092
2266
2092
2093
2267
2093
2094
2268
2094
2095
2269
2095
2096
2270
1913
2097
2102
2271
1915
2097
2098
2272
1914
2098
2099
2273
1914
2099
2100
2274
2100
2101
2103
2275
2101
2102
2103
2276
1915
2103
2277
1915
2278
2279
2101
2102
2104
2280
1918
2099
2100
2281
2098
2104
2282
1920
1922
1928
2283
1921
1929
2284
1930
1931
2285
1927
1932
2286
1924
2108
2109
2287
1926
2107
2288
1926
2105
2110
2289
2106
2290
2105
2110
2291
2105
2106
2292
2106
2107
2293
2107
2108
2294
2108
2109
2295
2109
2110
2296
2111
2114
2297
2111
2112
2298
2112
2113
2299
2113
2114
2300
2113
2114
2115
2301
2116
2119
2120
2302
2116
2117
2120
2303
1942
2117
2118
2304
1942
2118
2119
2305
2120
2306
2121
2124
2125
2307
2121
2122
2125
2308
1947
2122
2123
2309
1947
2123
2124
2310
2125
2311
2126
2129
2130
2312
2126
2127
2130
2313
1952
2127
2128
2314
1952
2128
2129
2315
2130
2316
2131
2134
2135
2317
2131
2132
2135
2318
1957
2132
2133
2319
1957
2133
2134
2320
2135
2321
2136
2139
2140
2322
2136
2137
2140
2323
1962
2137
2138
2324
1962
2138
2139
2325
2140
2326
2141
2144
2145
2327
2141
2142
2145
2328
1967
2142
2143
2329
1967
2143
2144
2330
2145
2331
1970
1988
2150
2332
1970
1990
2146
2333
2002
2334
1972
1989
2151
2335
1981
2146
2336
1974
1976
2157
2337
1977
1985
2338
1976
1978
1982
2339
2146
2340
2154
2164
2341
2001
2156
2342
1996
2147
2343
1981
1982
2147
2344
2000
2345
2004
2346
2148
2159
2347
1985
2002
2148
2348
2003
2349
2149
2152
2153
2350
2149
2150
2153
2351
2151
2352
1990
2152
2353
2153
2354
2154
2157
2158
2355
2154
2155
2158
2356
1995
2155
2156
2357
1995
2156
2157
2358
2158
2359
2159
2163
2360
1999
2148
2160
2361
2001
2003
2161
2362
2004
2162
2363
2151
2163
2364
2164
2365
2163
2366
2162
2367
2161
2368
2018
2165
2169
2369
2007
2008
2165
2370
2016
2166
2371
2020
2048
2372
2017
2166
2167
2373
2011
2036
2167
2374
2013
2017
2375
2013
2019
2045
2376
2014
2377
2168
2170
2378
2168
2169
2170
2379
2017
2018
2380
2381
2170
2382
2022
2046
2383
2022
2050
2384
2168
2169
2171
2385
2171
2386
2027
2172
2180
2387
2044
2173
2181
2388
2029
2030
2174
2389
2027
2035
2173
2390
2174
2391
2174
2175
2178
2392
2175
2176
2393
2176
2177
2394
2038
2172
2178
2395
2173
2179
2182
2396
2040
2049
2180
2397
2051
2180
2181
2398
2177
2182
2399
2037
2045
2400
2183
2401
2039
2183
2402
2041
2172
2403
2041
2048
2404
2166
2405
2043
2044
2406
2045
2047
2407
2179
2408
2409
2047
2050
2410
2181
2411
2049
2412
2051
2413
2051
2414
2415
2416
2055
2417
2418
2419
2420
2421
2422
2423
2424
2425
2426
2427
2428
2429
2430
2431
2432
2433
2434
2073
2435
2436
2437
2438
2439
2440
2441
2442
2443
2444
2445
2446
2447
2448
2449
2090
2450
2451
2452
2453
2454
2455
2456
2457
2458
2459
2460
2104
2461
2462
2463
2464
2465
2466
2467
2468
2469
2470
2471
2472
2473
2474
2115
2475
2115
2476
2477
2478
2479
2480
2481
2482
2483
2484
2485
2486
2487
2488
2489
2490
2491
2492
2493
2494
2495
2496
2497
2498
2499
2500
2501
2502
2503
2504
2505
2506
2507
2508
2509
2510
2160
2511
2512
2513
2514
2515
2516
2517
2518
2164
2519
2520
2521
2522
2523
2524
2162
2525
2526
2527
2528
2171
2529
2530
2183
2531
2532
2533
2534
2535
2536
2537
2538
2539
2540
2541
2542
2543
2544
2545
2546
2547
2189
2416
2548
2416
2417
2549
2188
2417
2550
2188
2418
2551
2419
2552
2418
2553
2416
2418
2419
2554
2420
2423
2424
2555
2195
2420
2421
2556
2195
2421
2422
2557
2422
2423
2424
2558
2424
2559
2198
2200
2201
2560
2198
2199
2203
2561
2202
2562
2425
2429
2563
2425
2426
2564
2426
2427
2565
2427
2428
2566
2428
2429
2567
2205
2206
2233
2568
2236
2569
2230
2570
2430
2431
2432
2571
2216
2431
2433
2572
2217
2432
2433
2573
2220
2221
2433
2574
2212
2213
2430
2575
2218
2232
2576
2215
2430
2577
2215
2216
2431
2578
2237
2579
2222
2580
2218
2219
2581
2432
2582
2221
2223
2583
2221
2222
2584
2585
2227
2586
2227
2434
2587
2228
2434
2435
2588
2229
2436
2438
2589
2227
2229
2238
2590
2591
2229
2438
2592
2593
2231
2437
2594
2438
2595
2233
2237
2596
2235
2597
2235
2434
2435
2598
2437
2599
2237
2439
2600
2601
2436
2439
2602
2440
2443
2444
2603
2440
2441
2444
2604
2243
2441
2442
2605
2243
2442
2443
2606
2444
2607
2246
2250
2251
2608
2246
2247
2248
2609
2249
2610
2445
2449
2611
2445
2446
2612
2446
2447
2613
2447
2448
2614
2448
2449
2615
2255
2450
2452
2616
2256
2451
2453
2617
2255
2451
2452
2618
2453
2619
2453
2454
2620
2258
2260
2456
2621
2259
2455
2622
2459
2460
2623
2457
2458
2624
2262
2269
2270
2625
2264
2265
2626
2264
2267
2268
2627
2266
2628
2455
2460
2629
2455
2456
2630
2456
2457
2631
2457
2458
2632
2458
2459
2633
2459
2460
2634
2277
2461
2466
2635
2279
2461
2462
2636
2278
2462
2463
2637
2278
2463
2464
2638
2464
2465
2467
2639
2465
2466
2467
2640
2279
2467
2641
2279
2642
2643
2465
2466
2468
2644
2282
2463
2464
2645
2462
2468
2646
2284
2286
2292
2647
2285
2293
2648
2294
2295
2649
2291
2296
2650
2288
2472
2473
2651
2290
2471
2652
2290
2469
2474
2653
2470
2654
2469
2474
2655
2469
2470
2656
2470
2471
2657
2471
2472
2658
2472
2473
2659
2473
2474
2660
2475
2478
2661
2475
2476
2662
2476
2477
2663
2477
2478
2664
2477
2478
2479
2665
2480
2483
2484
2666
2480
2481
2484
2667
2306
2481
2482
2668
2306
2482
2483
2669
2484
2670
2485
2488
2489
2671
2485
2486
2489
2672
2311
2486
2487
2673
2311
2487
2488
2674
2489
2675
2490
2493
2494
2676
2490
2491
2494
2677
2316
2491
2492
2678
2316
2492
2493
2679
2494
2680
2495
2498
2499
2681
2495
2496
2499
2682
2321
2496
2497
2683
2321
2497
2498
2684
2499
2685
2500
2503
2504
2686
2500
2501
2504
2687
2326
2501
2502
2688
2326
2502
2503
2689
2504
2690
2505
2508
2509
2691
2505
2506
2509
2692
2331
2506
2507
2693
2331
2507
2508
2694
2509
2695
2334
2352
2514
2696
2334
2354
2510
2697
2366
2698
2336
2353
2515
2699
2345
2510
2700
2338
2340
2521
2701
2341
2349
2702
2340
2342
2346
2703
2510
2704
2518
2528
2705
2365
2520
2706
2360
2511
2707
2345
2346
2511
2708
2364
2709
2368
2710
2512
2523
2711
2349
2366
2512
2712
2367
2713
2513
2516
2517
2714
2513
2514
2517
2715
2515
2716
2354
2516
2717
2517
2718
2518
2521
2522
2719
2518
2519
2522
2720
2359
2519
2520
2721
2359
2520
2521
2722
2522
2723
2523
2527
2724
2363
2512
2524
2725
2365
2367
2525
2726
2368
2526
2727
2515
2527
2728
2528
2729
2527
2730
2526
2731
2525
2732
2382
2529
2533
2733
2371
2372
2529
2734
2380
2530
2735
2384
2412
2736
2381
2530
2531
2737
2375
2400
2531
2738
2377
2381
2739
2377
2383
2409
2740
2378
2741
2532
2534
2742
2532
2533
2534
2743
2381
2382
2744
2745
2534
2746
2386
2410
2747
2386
2414
2748
2532
2533
2535
2749
2535
2750
2391
2536
2544
2751
2408
2537
2545
2752
2393
2394
2538
2753
2391
2399
2537
2754
2538
2755
2538
2539
2542
2756
2539
2540
2757
2540
2541
2758
2402
2536
2542
2759
2537
2543
2546
2760
2404
2413
2544
2761
2415
2544
2545
2762
2541
2546
2763
2401
2409
2764
2547
2765
2403
2547
2766
2405
2536
2767
2405
2412
2768
2530
2769
2407
2408
2770
2409
2411
2771
2543
2772
2773
2411
2414
2774
2545
2775
2413
2776
2415
2777
2415
2778
2779
2780
2419
2781
2782
2783
2784
2785
2786
2787
2788
2789
2790
2791
2792
2793
2794
2795
2796
2797
2798
2437
2799
2800
2801
2802
2803
2804
2805
2806
2807
2808
2809
2810
2811
2812
2813
2454
2814
2815
2816
2817
2818
2819
2820
2821
2822
2823
2824
2468
2825
2826
2827
2828
2829
2830
2831
2832
2833
2834
2835
2836
2837
2838
2479
2839
2479
2840
2841
2842
2843
2844
2845
2846
2847
2848
2849
2850
2851
2852
2853
2854
2855
2856
2857
2858
2859
2860
2861
2862
2863
2864
2865
2866
2867
2868
2869
2870
2871
2872
2873
2874
2524
2875
2876
2877
2878
2879
2880
2881
2882
2528
2883
2884
2885
2886
2887
2888
2526
2889
2890
2891
2892
2535
2893
2894
2547
2895
2896
2897
2898
2899
2900
2901
2902
2903
2904
2905
2906
2907
2908
2909
2910
2911
2553
2780
2912
2780
2781
2913
2552
2781
2914
2552
2782
2915
2783
2916
2782
2917
2780
2782
2783
2918
2784
2787
2788
2919
2559
2784
2785
2920
2559
2785
2786
2921
2786
2787
2788
2922
2788
2923
2562
2564
2565
2924
2562
2563
2567
2925
2566
2926
2789
2793
2927
2789
2790
2928
2790
2791
2929
2791
2792
2930
2792
2793
2931
2569
2570
2597
2932
2600
2933
2594
2934
2794
2795
2796
2935
2580
2795
2797
2936
2581
2796
2797
2937
2584
2585
2797
2938
2576
2577
2794
2939
2582
2596
2940
2579
2794
2941
2579
2580
2795
2942
2601
2943
2586
2944
2582
2583
2945
2796
2946
2585
2587
2947
2585
2586
2948
2949
2591
2950
2591
2798
2951
2592
2798
2799
2952
2593
2800
2802
2953
2591
2593
2602
2954
2955
2593
2802
2956
2957
2595
2801
2958
2802
2959
2597
2601
2960
2599
2961
2599
2798
2799
2962
2801
2963
2601
2803
2964
2965
2800
2803
2966
2804
2807
2808
2967
2804
2805
2808
2968
2607
2805
2806
2969
2607
2806
2807
2970
2808
2971
2610
2614
2615
2972
2610
2611
2612
2973
2613
2974
2809
2813
2975
2809
2810
2976
2810
2811
2977
2811
2812
2978
2812
2813
2979
2619
2814
2816
2980
2620
2815
2817
2981
2619
2815
2816
2982
2817
2983
2817
2818
2984
2622
2624
2820
2985
2623
2819
2986
2823
2824
2987
2821
2822
2988
2626
2633
2634
2989
2628
2629
2990
2628
2631
2632
2991
2630
2992
2819
2824
2993
2819
2820
2994
2820
2821
2995
2821
2822
2996
2822
2823
2997
2823
2824
2998
2641
2825
2830
2999
2643
2825
2826
3000
2642
2826
2827
3001
2642
2827
2828
3002
2828
2829
2831
3003
2829
2830
2831
3004
2643
2831
3005
2643
3006
3007
2829
2830
2832
3008
2646
2827
2828
3009
2826
2832
3010
2648
2650
2656
3011
2649
2657
3012
2658
2659
3013
2655
2660
3014
2652
2836
2837
3015
2654
2835
3016
2654
2833
2838
3017
2834
3018
2833
2838
3019
2833
2834
3020
2834
2835
3021
2835
2836
3022
2836
2837
3023
2837
2838
3024
2839
2842
3025
2839
2840
3026
2840
2841
3027
2841
2842
3028
2841
2842
2843
3029
2844
2847
2848
3030
2844
2845
2848
3031
2670
2845
2846
3032
2670
2846
2847
3033
2848
3034
2849
2852
2853
3035
2849
2850
2853
3036
2675
2850
2851
3037
2675
2851
2852
3038
2853
3039
2854
2857
2858
3040
2854
2855
2858
3041
2680
2855
2856
3042
2680
2856
2857
3043
2858
3044
2859
2862
2863
3045
2859
2860
2863
3046
2685
2860
2861
3047
2685
2861
2862
3048
2863
3049
2864
2867
2868
3050
2864
2865
2868
3051
2690
2865
2866
3052
2690
2866
2867
3053
2868
3054
2869
2872
2873
3055
2869
2870
2873
3056
2695
2870
2871
3057
2695
2871
2872
3058
2873
3059
2698
2716
2878
3060
2698
2718
2874
3061
2730
3062
2700
2717
2879
3063
2709
2874
3064
2702
2704
2885
3065
2705
2713
3066
2704
2706
2710
3067
2874
3068
2882
2892
3069
2729
2884
3070
2724
2875
3071
2709
2710
2875
3072
2728
3073
2732
3074
2876
2887
3075
2713
2730
2876
3076
2731
3077
2877
2880
2881
3078
2877
2878
2881
3079
2879
3080
2718
2880
3081
2881
3082
2882
2885
2886
3083
2882
2883
2886
3084
2723
2883
2884
3085
2723
2884
2885
3086
2886
3087
2887
2891
3088
2727
2876
2888
3089
2729
2731
2889
3090
2732
2890
3091
2879
2891
3092
2892
3093
2891
3094
2890
3095
2889
3096
2746
2893
2897
3097
2735
2736
2893
3098
2744
2894
3099
2748
2776
3100
2745
2894
2895
3101
2739
2764
2895
3102
2741
2745
3103
2741
2747
2773
3104
2742
3105
2896
2898
3106
2896
2897
2898
3107
2745
2746
3108
3109
2898
3110
2750
2774
3111
2750
2778
3112
2896
2897
2899
3113
2899
3114
2755
2900
2908
3115
2772
2901
2909
3116
2757
2758
2902
3117
2755
2763
2901
3118
2902
3119
2902
2903
2906
3120
2903
2904
3121
2904
2905
3122
2766
2900
2906
3123
2901
2907
2910
3124
2768
2777
2908
3125
2779
2908
2909
3126
2905
2910
3127
2765
2773
3128
2911
3129
2767
2911
3130
2769
2900
3131
2769
2776
3132
2894
3133
2771
2772
3134
2773
2775
3135
2907
3136
3137
2775
2778
3138
2909
3139
2777
3140
2779
3141
2779
3142
3143
3144
2783
3145
3146
3147
3148
3149
3150
3151
3152
3153
3154
3155
3156
3157
3158
3159
3160
3161
3162
2801
3163
3164
3165
3166
3167
3168
3169
3170
3171
3172
3173
3174
3175
3176
3177
2818
3178
3179
3180
3181
3182
3183
3184
3185
3186
3187
3188
2832
3189
3190
3191
3192
3193
3194
3195
3196
3197
3198
3199
3200
3201
3202
2843
3203
2843
3204
3205
3206
3207
3208
3209
3210
3211
3212
3213
3214
3215
3216
3217
3218
3219
3220
3221
3222
3223
3224
3225
3226
3227
3228
3229
3230
3231
3232
3233
3234
3235
3236
3237
3238
2888
3239
3240
3241
3242
3243
3244
3245
3246
2892
3247
3248
3249
3250
3251
3252
2890
3253
3254
3255
3256
2899
3257
3258
2911
3259
3260
3261
3262
3263
3264
3265
3266
3267
3268
3269
3270
3271
3272
3273
3274
3275
2917
3144
3276
3144
3145
3277
2916
3145
3278
2916
3146
3279
3147
3280
3146
3281
3144
3146
3147
3282
3148
3151
3152
3283
2923
3148
3149
3284
2923
3149
3150
3285
3150
3151
3152
3286
3152
3287
2926
2928
2929
3288
2926
2927
2931
3289
2930
3290
3153
3157
3291
3153
3154
3292
3154
3155
3293
3155
3156
3294
3156
3157
3295
2933
2934
2961
3296
2964
3297
2958
3298
3158
3159
3160
3299
2944
3159
3161
3300
2945
3160
3161
3301
2948
2949
3161
3302
2940
2941
3158
3303
2946
2960
3304
2943
3158
3305
2943
2944
3159
3306
2965
3307
2950
3308
2946
2947
3309
3160
3310
2949
2951
3311
2949
2950
3312
3313
2955
3314
2955
3162
3315
2956
3162
3163
3316
2957
3164
3166
3317
2955
2957
2966
3318
3319
2957
3166
3320
3321
2959
3165
3322
3166
3323
2961
2965
3324
2963
3325
2963
3162
3163
3326
3165
3327
2965
3167
3328
3329
3164
3167
3330
3168
3171
3172
3331
3168
3169
3172
3332
2971
3169
3170
3333
2971
3170
3171
3334
3172
3335
2974
2978
2979
3336
2974
2975
2976
3337
2977
3338
3173
3177
3339
3173
3174
3340
3174
3175
3341
3175
3176
3342
3176
3177
3343
2983
3178
3180
3344
2984
3179
3181
3345
2983
3179
3180
3346
3181
3347
3181
3182
3348
2986
2988
3184
3349
2987
3183
3350
3187
3188
3351
3185
3186
3352
2990
2997
2998
3353
2992
2993
3354
2992
2995
2996
3355
2994
3356
3183
3188
3357
3183
3184
3358
3184
3185
3359
3185
3186
3360
3186
3187
3361
3187
3188
3362
3005
3189
3194
3363
3007
3189
3190
3364
3006
3190
3191
3365
3006
3191
3192
3366
3192
3193
3195
3367
3193
3194
3195
3368
3007
3195
3369
3007
3370
3371
3193
3194
3196
3372
3010
3191
3192
3373
3190
3196
3374
3012
3014
3020
3375
3013
3021
3376
3022
3023
3377
3019
3024
3378
3016
3200
3201
3379
3018
3199
3380
3018
3197
3202
3381
3198
3382
3197
3202
3383
3197
3198
3384
3198
3199
3385
3199
3200
3386
3200
3201
3387
3201
3202
3388
3203
3206
3389
3203
3204
3390
3204
3205
3391
3205
3206
3392
3205
3206
3207
3393
3208
3211
3212
3394
3208
3209
3212
3395
3034
3209
3210
3396
3034
3210
3211
3397
3212
3398
3213
3216
3217
3399
3213
3214
3217
3400
3039
3214
3215
3401
3039
3215
3216
3402
3217
3403
3218
3221
3222
3404
3218
3219
3222
3405
3044
3219
3220
3406
3044
3220
3221
3407
3222
3408
3223
3226
3227
3409
3223
3224
3227
3410
3049
3224
3225
3411
3049
3225
3226
3412
3227
3413
3228
3231
3232
3414
3228
3229
3232
3415
3054
3229
3230
3416
3054
3230
3231
3417
3232
3418
3233
3236
3237
3419
3233
3234
3237
3420
3059
3234
3235
3421
3059
3235
3236
3422
3237
3423
3062
3080
3242
3424
3062
3082
3238
3425
3094
3426
3064
3081
3243
3427
3073
3238
3428
3066
3068
3249
3429
3069
3077
3430
3068
3070
3074
3431
3238
3432
3246
3256
3433
3093
3248
3434
3088
3239
3435
3073
3074
3239
3436
3092
3437
3096
3438
3240
3251
3439
3077
3094
3240
3440
3095
3441
3241
3244
3245
3442
3241
3242
3245
3443
3243
3444
3082
3244
3445
3245
3446
3246
3249
3250
3447
3246
3247
3250
3448
3087
3247
3248
3449
3087
3248
3249
3450
3250
3451
3251
3255
3452
3091
3240
3252
3453
3093
3095
3253
3454
3096
3254
3455
3243
3255
3456
3256
3457
3255
3458
3254
3459
3253
3460
3110
3257
3261
3461
3099
3100
3257
3462
3108
3258
3463
3112
3140
3464
3109
3258
3259
3465
3103
3128
3259
3466
3105
3109
3467
3105
3111
3137
3468
3106
3469
3260
3262
3470
3260
3261
3262
3471
3109
3110
3472
3473
3262
3474
3114
3138
3475
3114
3142
3476
3260
3261
3263
3477
3263
3478
3119
3264
3272
3479
3136
3265
3273
3480
3121
3122
3266
3481
3119
3127
3265
3482
3266
3483
3266
3267
3270
3484
3267
3268
3485
3268
3269
3486
3130
3264
3270
3487
3265
3271
3274
3488
3132
3141
3272
3489
3143
3272
3273
3490
3269
3274
3491
3129
3137
3492
3275
3493
3131
3275
3494
3133
3264
3495
3133
3140
3496
3258
3497
3135
3136
3498
3137
3139
3499
3271
3500
3501
3139
3142
3502
3273
3503
3141
3504
3143
3505
3143
3506
3507
3508
3147
3509
3510
3511
3512
3513
3514
3515
3516
3517
3518
3519
3520
3521
3522
3523
3524
3525
3526
3165
3527
3528
3529
3530
3531
3532
3533
3534
3535
3536
3537
3538
3539
3540
3541
3182
3542
3543
3544
3545
3546
3547
3548
3549
3550
3551
3552
3196
3553
3554
3555
3556
3557
3558
3559
3560
3561
3562
3563
3564
3565
3566
3207
3567
3207
3568
3569
3570
3571
3572
3573
3574
3575
3576
3577
3578
3579
3580
3581
3582
3583
3584
3585
3586
3587
3588
3589
3590
3591
3592
3593
3594
3595
3596
3597
3598
3599
3600
3601
3602
3252
3603
3604
3605
3606
3607
3608
3609
3610
3256
3611
3612
3613
3614
3615
3616
3254
3617
3618
3619
3620
3263
3621
3622
3275
3623
3624
3625
3626
3627
3628
3629
3630
3631
3632
3633
3634
3635
3636
3637
3638
3639
3281
3508
3508
3509
3280
3509
3280
3510
3511
3510
3508
3510
3511
3512
3515
3516
3287
3512
3513
3287
3513
3514
3514
3515
3516
3516
3290
3292
3293
3290
3291
3295
3294
3517
3521
3517
3518
3518
3519
3519
3520
3520
3521
3297
3298
3325
3328
3322
3522
3523
3524
3308
3523
3525
3309
3524
3525
3312
3313
3525
3304
3305
3522
3310
3324
3307
3522
3307
3308
3523
3329
3314
3310
3311
3524
3313
3315
3313
3314
3319
3319
3526
3320
3526
3527
3321
3528
3530
3319
3321
3330
3321
3530
3323
3529
3530
3325
3329
3327
3327
3526
3527
3529
3329
3531
3528
3531
3532
3535
3536
3532
3533
3536
3335
3533
3534
3335
3534
3535
3536
3338
3342
3343
3338
3339
3340
3341
3537
3541
3537
3538
3538
3539
3539
3540
3540
3541
3347
3542
3544
3348
3543
3545
3347
3543
3544
3545
3545
3546
3350
3352
3548
3351
3547
3551
3552
3549
3550
3354
3361
3362
3356
3357
3356
3359
3360
3358
3547
3552
3547
3548
3548
3549
3549
3550
3550
3551
3551
3552
3369
3553
3558
3371
3553
3554
3370
3554
3555
3370
3555
3556
3556
3557
3559
3557
3558
3559
3371
3559
3371
3557
3558
3560
3374
3555
3556
3554
3560
3376
3378
3384
3377
3385
3386
3387
3383
3388
3380
3564
3565
3382
3563
3382
3561
3566
3562
3561
3566
3561
3562
3562
3563
3563
3564
3564
3565
3565
3566
3567
3570
3567
3568
3568
3569
3569
3570
3569
3570
3571
3572
3575
3576
3572
3573
3576
3398
3573
3574
3398
3574
3575
3576
3577
3580
3581
3577
3578
3581
3403
3578
3579
3403
3579
3580
3581
3582
3585
3586
3582
3583
3586
3408
3583
3584
3408
3584
3585
3586
3587
3590
3591
3587
3588
3591
3413
3588
3589
3413
3589
3590
3591
3592
3595
3596
3592
3593
3596
3418
3593
3594
3418
3594
3595
3596
3597
3600
3601
3597
3598
3601
3423
3598
3599
3423
3599
3600
3601
3426
3444
3606
3426
3446
3602
3458
3428
3445
3607
3437
3602
3430
3432
3613
3433
3441
3432
3434
3438
3602
3610
3620
3457
3612
3452
3603
3437
3438
3603
3456
3460
3604
3615
3441
3458
3604
3459
3605
3608
3609
3605
3606
3609
3607
3446
3608
3609
3610
3613
3614
3610
3611
3614
3451
3611
3612
3451
3612
3613
3614
3615
3619
3455
3604
3616
3457
3459
3617
3460
3618
3607
3619
3620
3619
3618
3617
3474
3621
3625
3463
3464
3621
3472
3622
3476
3504
3473
3622
3623
3467
3492
3623
3469
3473
3469
3475
3501
3470
3624
3626
3624
3625
3626
3473
3474
3626
3478
3502
3478
3506
3624
3625
3627
3627
3483
3628
3636
3500
3629
3637
3485
3486
3630
3483
3491
3629
3630
3630
3631
3634
3631
3632
3632
3633
3494
3628
3634
3629
3635
3638
3496
3505
3636
3507
3636
3637
3633
3638
3493
3501
3639
3495
3639
3497
3628
3497
3504
3622
3499
3500
3501
3503
3635
3503
3506
3637
3505
3507
3507
3511
3529
3546
3560
3571
3571
3616
3620
3618
3627
3639
)


// ************************************************************************* //
