/*--------------------------------*- C++ -*----------------------------------*\
  =========                 |
  \\      /  F ield         | OpenFOAM: The Open Source CFD Toolbox
   \\    /   O peration     | Website:  https://openfoam.org
    \\  /    A nd           | Version:  8
     \\/     M anipulation  |
\*---------------------------------------------------------------------------*/
FoamFile
{
    version     2.0;
    format      ascii;
    class       vectorField;
    location    "constant/buildings/polyMesh";
    object      points;
}
// * * * * * * * * * * * * * * * * * * * * * * * * * * * * * * * * * * * * * //


2651
(
(216.60693 -8.352478 1.0649537e-13)
(108.4446 -70.945702 21.945601)
(108.4446 -70.945702 -2.7711167e-13)
(279.08762 -116.32031 1.5417917e-12)
(216.60693 -8.352478 21.945601)
(279.08762 -116.32031 21.945601)
(225.00644 -147.61693 1.3499882e-12)
(170.92528 -178.91354 1.1581847e-12)
(170.92528 -178.91354 21.945601)
(-4.289073 -136.18436 21.945601)
(87.33976 -83.159012 5.3290705e-15)
(87.33976 -83.159012 21.945601)
(36.120518 -256.92465 21.945601)
(-4.289073 -136.18436 5.3290705e-15)
(149.82043 -191.12685 21.945601)
(36.120518 -256.92465 5.3290705e-15)
(149.82043 -191.12685 5.3290705e-15)
(-106.65308 -149.09204 10.9728)
(-149.83459 -285.87256 10.9728)
(-186.59464 -176.03679 10.9728)
(-24.247263 -148.0424 10.9728)
(13.675066 -263.22937 10.9728)
(-24.247263 -148.0424 1.7763568e-15)
(-106.65308 -149.09204 1.7763568e-15)
(-186.59464 -176.03679 1.7763568e-15)
(-149.83459 -285.87256 1.7763568e-15)
(13.675066 -263.22937 1.7763568e-15)
(-140.60901 -136.21532 0)
(-188.37257 -152.38361 47.548801)
(-92.845459 -120.04704 47.548801)
(-188.37257 -152.38361 0)
(-92.845459 -120.04704 0)
(-154.69759 -118.45914 27.46455)
(-154.6976 -118.45915 37.506676)
(-174.95564 -125.31662 27.46455)
(-154.69759 -118.45914 17.422424)
(-174.95563 -125.31662 17.422424)
(-134.43953 -111.60167 27.46455)
(-134.43953 -111.60167 37.506676)
(-134.43953 -111.60166 17.422424)
(-174.95566 -125.31663 37.506676)
(-195.21373 -132.17412 47.548801)
(-114.18147 -104.74419 47.548801)
(-195.21367 -132.17409 7.3802977)
(-114.18147 -104.74419 7.3802977)
(-114.18146 -32.771545 7.3802977)
(-92.845459 -32.771545 7.3802977)
(-114.18146 -32.771545 47.548801)
(-245.62004 16.733253 7.3802977)
(-92.845459 86.797043 0)
(-92.845459 86.797043 7.3802977)
(-92.845459 -32.771545 47.548801)
(-245.62004 16.733253 0)
(-190.63541 101.75468 10.9728)
(-174.01762 73.249733 -8.8817842e-16)
(-174.01762 73.249733 10.9728)
(-234.02237 87.158897 10.9728)
(-190.63541 101.75468 -8.8817842e-16)
(-257.94293 45.205021 10.9728)
(-234.02237 87.158897 -8.8817842e-16)
(-257.94293 45.205021 -8.8817842e-16)
(-28.643129 163.50838 9.4488001)
(-170.30049 81.163284 9.4488001)
(-215.66107 160.24789 9.4488001)
(-39.40575 183.01317 9.4488001)
(-131.98851 208.23997 9.4488001)
(-28.643129 163.50838 0)
(-39.40575 183.01317 0)
(-131.98851 208.23997 0)
(-215.66107 160.24789 0)
(-170.30049 81.163284 0)
(92.77774 133.18112 18.288)
(166.29901 112.55715 -1.7763568e-15)
(166.29901 112.55715 18.288)
(217.09483 35.192936 18.288)
(92.77774 -46.431248 -1.7763568e-15)
(92.77774 -46.431248 18.288)
(217.09483 35.192936 -1.7763568e-15)
(63.844009 52.296951 18.727837)
(64.369713 52.296951 15.619125)
(68.848907 52.296951 17.95204)
(46.057384 52.296951 18.295639)
(46.057384 52.296951 21.327515)
(68.848907 52.296951 21.334555)
(46.057384 -52.306854 21.327515)
(63.844009 -52.306854 18.727837)
(46.057384 -52.306854 18.295639)
(64.369713 -52.306854 15.619125)
(68.848907 -52.306854 21.334555)
(68.848907 -52.306854 17.95204)
(62.906788 -52.933601 12.7762)
(58.724545 52.933601 12.7762)
(62.906788 52.933601 12.7762)
(58.724545 -52.933601 12.7762)
(43.814999 52.933601 3.2504151)
(43.814999 -52.933601 3.2504151)
(49.387074 52.933601 3.2504151)
(49.387074 -52.933601 3.2504151)
(59.601086 52.933601 9.7762003)
(59.601086 -52.933601 9.7762003)
(62.906788 52.933601 9.7762003)
(62.906788 -52.933601 9.7762003)
(-63.668774 52.296951 19.764072)
(-64.194481 52.296951 16.655361)
(-45.768139 52.296951 19.348541)
(-68.386971 52.296951 18.838953)
(-68.386971 52.296951 22.221468)
(-45.768139 52.296951 22.380415)
(-63.668774 -52.306854 19.764072)
(-68.386971 -52.306854 18.838953)
(-68.386971 -52.306854 22.221468)
(-64.194481 -52.306854 16.655361)
(-45.768139 -52.306854 22.380415)
(-45.768139 -52.306854 19.348541)
(-34.290001 113.3348 0)
(-34.290001 71.983597 5.9689999)
(-34.290001 71.983597 0)
(34.445309 113.3348 2.220446e-16)
(-34.290001 113.3348 5.9689999)
(34.445309 71.983597 2.220446e-16)
(34.445309 113.3348 5.9689999)
(34.445309 71.983597 5.9689999)
(63.808437 17.9832 5.0545998)
(63.808437 51.5112 0)
(63.808437 51.5112 5.0545998)
(71.123642 17.9832 5.0545998)
(63.808437 17.9832 0)
(71.123642 51.5112 5.0545998)
(71.123642 17.9832 0)
(71.123642 51.5112 0)
(63.808437 -51.5112 5.0545998)
(63.808437 -17.9832 0)
(63.808437 -17.9832 5.0545998)
(71.123642 -51.5112 5.0545998)
(63.808437 -51.5112 0)
(71.123642 -17.9832 5.0545998)
(71.123642 -51.5112 0)
(71.123642 -17.9832 -1.110223e-16)
(-63.648762 17.9832 5.0545998)
(-70.963959 17.9832 -1.110223e-16)
(-70.963959 17.9832 5.0545998)
(-63.648762 51.5112 5.0545998)
(-63.648762 17.9832 -1.110223e-16)
(-70.963959 51.5112 5.0545998)
(-63.648762 51.5112 -1.110223e-16)
(-70.963959 51.5112 -1.110223e-16)
(-50.875004 85.975845 5.0545998)
(-64.004364 85.975845 -1.110223e-16)
(-64.004364 85.975845 5.0545998)
(-50.875004 95.119843 5.0545998)
(-50.875004 85.975845 -1.110223e-16)
(-64.004364 95.119843 5.0545998)
(-50.875004 95.119843 -1.110223e-16)
(-64.004364 95.119843 -1.110223e-16)
(-63.648762 -51.5112 5.0545998)
(-70.963959 -51.5112 2.220446e-16)
(-70.963959 -51.5112 5.0545998)
(-63.648762 -17.9832 5.0545998)
(-63.648762 -51.5112 2.220446e-16)
(-70.963959 -17.9832 5.0545998)
(-63.648762 -17.9832 2.220446e-16)
(-70.963959 -17.9832 2.220446e-16)
(-70.354362 1.9304 16.2052)
(-70.354362 5.5626001 2.220446e-16)
(-70.354362 5.5626001 16.2052)
(-63.648762 1.9304 16.2052)
(-70.354362 1.9304 2.220446e-16)
(-63.648762 5.5626001 16.2052)
(-63.648762 1.9304 2.220446e-16)
(-63.648762 5.5626001 2.220446e-16)
(-63.039162 -93.713318 5.0545998)
(-63.039162 -84.607399 3.8354001)
(-63.039162 -93.713318 -1.110223e-16)
(-63.039162 -69.202316 5.0545998)
(-63.039162 -84.607399 4.7498002)
(-63.039162 -69.202316 -1.110223e-16)
(-63.039162 -75.285599 3.8354001)
(-63.039162 -75.285599 4.7498002)
(-10.272901 -79.055847 4.7498002)
(-10.272901 -80.847923 4.7498002)
(39.4716 -84.607399 4.7498002)
(39.4716 -75.285599 4.7498002)
(10.272901 -80.847923 4.7498002)
(10.272901 -79.055847 4.7498002)
(10.924885 -75.285599 0)
(-39.047749 -75.285599 3.8354001)
(-39.047749 -75.285599 0)
(10.924885 -75.285599 3.8354001)
(-39.047749 -84.607399 3.8354001)
(10.924885 -84.607399 0)
(-39.047749 -84.607399 0)
(10.924885 -84.607399 3.8354001)
(-70.354362 -93.713318 5.0545998)
(-70.354362 -69.202316 -1.110223e-16)
(-70.354362 -69.202316 5.0545998)
(-70.354362 -93.713318 -1.110223e-16)
(10.272901 -80.847923 15.314949)
(-10.272901 -80.847923 15.314949)
(10.272901 -79.055847 15.314949)
(-10.272901 -79.055847 15.314949)
(39.4716 -84.607399 3.8354001)
(39.4716 -75.285599 3.8354001)
(-62.906788 52.933601 12.7762)
(-58.724545 -52.933601 12.7762)
(-62.906788 -52.933601 12.7762)
(-58.724545 52.933601 12.7762)
(-53.079262 42.595798 9.1694002)
(-43.577694 -52.933601 3.0987999)
(-53.079262 52.933601 9.1694002)
(-43.577694 42.595798 3.0987999)
(-49.149769 -52.933601 3.0987999)
(-49.149769 42.595798 3.0987999)
(-56.777889 42.595798 7.9724455)
(-59.601086 -52.933601 9.7762003)
(-56.777889 52.933601 7.9724455)
(-59.601086 52.933601 9.7762003)
(-62.906788 -52.933601 9.7762003)
(-62.906788 52.933601 9.7762003)
(-56.777889 52.933601 9.1694002)
(-43.611801 72.263 5.8673997)
(-40.6908 61.074532 5.8673997)
(-43.611801 42.595798 5.8673997)
(-56.777889 72.263 5.8673997)
(-56.777889 75.382668 5.8673997)
(-18.5928 61.074532 5.8673997)
(-40.6908 65.90345 5.8673997)
(-18.5928 65.90345 5.8673997)
(-40.6908 75.382668 5.8673997)
(-40.6908 61.074532 0)
(-18.5928 61.074532 0)
(-18.5928 65.90345 0)
(-40.6908 42.595798 0)
(-40.6908 42.595798 5.8673997)
(-40.6908 75.382668 0)
(-43.611801 72.263 9.1694002)
(-43.611801 42.595798 9.1694002)
(-56.777889 72.263 9.1694002)
(-40.6908 65.90345 0)
(-56.777889 42.595798 0)
(-56.777889 75.382668 0)
(92.77774 133.18112 -1.7763568e-15)
(216.60717 -8.3563231 1.0649537e-13)
(108.44811 -70.946638 21.944316)
(108.44832 -70.946695 -2.7711167e-13)
(279.08377 -116.32055 1.5417917e-12)
(216.60535 -8.3548758 21.943032)
(279.08468 -116.31838 21.944028)
(225.00451 -147.61359 2.2494763e-10)
(170.9274 -178.91033 1.1581847e-12)
(170.9251 -178.91068 21.943032)
(-4.2866735 -136.1861 21.94314)
(87.339995 -83.162857 5.3290705e-15)
(87.337825 -83.161948 21.944028)
(36.122876 -256.92212 21.943911)
(-4.2852384 -136.18473 5.3290705e-15)
(149.81804 -191.12527 21.943032)
(36.120417 -256.9208 5.3290705e-15)
(149.81659 -191.12708 5.3290705e-15)
(-106.65277 -149.09473 10.970062)
(-149.83242 -285.87055 10.970331)
(-186.59214 -176.03927 10.971229)
(-24.249972 -148.04474 10.971365)
(13.673427 -263.22714 10.970123)
(-24.248693 -148.04598 1.7763568e-15)
(-106.65224 -149.0958 1.7763568e-15)
(-186.59082 -176.03733 1.7763568e-15)
(-149.83351 -285.86886 1.7763568e-15)
(13.671274 -263.22869 1.7763568e-15)
(-140.61024 -136.21167 3.1516944e-11)
(-188.37118 -152.38079 47.546577)
(-92.848125 -120.04512 47.546783)
(-188.36986 -152.38087 9.886203e-10)
(-92.849026 -120.04558 0)
(-154.69635 -118.46279 27.46455)
(-154.69637 -118.4628 37.506676)
(-174.95441 -125.32027 27.46455)
(-154.69635 -118.46279 17.422424)
(-174.95439 -125.32027 17.422424)
(-134.43829 -111.60532 27.46455)
(-134.43829 -111.60532 37.506676)
(-134.43829 -111.60531 17.422424)
(-174.95442 -125.32028 37.506676)
(-195.21171 -132.17727 47.547893)
(-114.1795 -104.74646 47.546399)
(-195.21041 -132.1757 7.3790136)
(-114.17953 -104.7474 7.3794482)
(-114.17978 -32.772386 7.3769351)
(-92.848822 -32.773227 7.379457)
(-114.17988 -32.774691 47.547229)
(-245.6178 16.731374 7.3777865)
(-92.847539 86.7938 0)
(-92.846447 86.795502 7.376908)
(-92.847032 -32.773118 47.545656)
(-245.61621 16.73281 9.5010381e-10)
(-190.63749 101.75179 10.971324)
(-174.02147 73.249622 -8.8817842e-16)
(-174.01964 73.251609 10.970107)
(-234.02069 87.156237 10.970575)
(-190.63577 101.75084 -8.8817842e-16)
(-257.93978 45.204927 10.970583)
(-234.01957 87.156255 -8.8817842e-16)
(-257.9423 45.20882 -8.8817842e-16)
(-28.645059 163.50966 9.4457212)
(-170.29855 81.166215 9.4472244)
(-215.65868 160.24631 9.4462319)
(-39.408368 183.01066 9.4475004)
(-131.98854 208.23684 9.4465595)
(-28.646978 163.5082 0)
(-39.407685 183.00984 0)
(-131.9875 208.23626 0)
(-215.65723 160.24811 0)
(-170.30073 81.167129 0)
(92.779533 133.17876 18.285544)
(166.29714 112.55379 -1.7763568e-15)
(166.29652 112.55451 18.286717)
(217.09235 35.194378 18.285432)
(92.77957 -46.427858 -1.7763568e-15)
(92.779001 -46.428913 18.285207)
(217.09101 35.192485 -1.7763568e-15)
(63.844145 52.293822 18.725594)
(64.368855 52.294749 15.622168)
(68.846028 52.294612 17.953077)
(46.058989 52.294462 18.298102)
(46.060454 52.295297 21.325878)
(68.848764 52.295061 21.331201)
(46.05856 -52.3052 21.324241)
(63.844619 -52.303725 18.725675)
(46.060054 -52.304365 18.296871)
(64.369523 -52.304652 15.622281)
(68.846 -52.304964 21.332878)
(68.846657 -52.304515 17.954114)
(62.905504 -52.931033 12.773632)
(58.725134 52.931411 12.773087)
(62.90422 52.931033 12.774916)
(58.725724 -52.931411 12.773259)
(43.816747 52.930354 3.2493023)
(43.815873 -52.930354 3.2522942)
(49.386396 52.932343 3.2539924)
(49.385718 -52.932343 3.2537945)
(59.600245 52.93048 9.7782958)
(59.600666 -52.93048 9.7784186)
(62.905215 52.932029 9.7793457)
(62.903643 -52.932029 9.777773)
(-63.669383 52.293822 19.76191)
(-64.194291 52.294749 16.658516)
(-45.770808 52.294462 19.349773)
(-68.38472 52.294612 18.841028)
(-68.384063 52.295061 22.219791)
(-45.769315 52.295297 22.377141)
(-63.668909 -52.303725 19.76183)
(-68.384091 -52.304515 18.83999)
(-68.386827 -52.304964 22.218115)
(-64.193623 -52.304652 16.658403)
(-45.771209 -52.3052 22.378778)
(-45.769744 -52.304365 19.351005)
(-34.286555 113.33308 0)
(-34.287433 71.984881 5.9664317)
(-34.288278 71.987042 0)
(34.443586 113.33136 2.220446e-16)
(-34.288428 113.33166 5.9674272)
(34.441863 71.98532 2.220446e-16)
(34.442741 113.33352 5.9664317)
(34.443736 71.986742 5.9674272)
(63.811583 17.984773 5.0530271)
(63.811883 51.509477 0)
(63.809721 51.508632 5.0520316)
(71.122358 17.985768 5.0520316)
(63.81016 17.986646 0)
(71.120497 51.509627 5.0530271)
(71.120196 17.984923 0)
(71.121919 51.507754 0)
(63.811583 -51.509627 5.0530271)
(63.811883 -17.984923 0)
(63.809721 -17.985768 5.0520316)
(71.122358 -51.508632 5.0520316)
(63.81016 -51.507754 0)
(71.120497 -17.984773 5.0530271)
(71.120196 -51.509477 0)
(71.121919 -17.986646 -1.110223e-16)
(-63.650334 17.986345 5.0530271)
(-70.962236 17.986646 -1.110223e-16)
(-70.961391 17.984484 5.0520316)
(-63.65133 51.509916 5.0520316)
(-63.652207 17.984923 -1.110223e-16)
(-70.962386 51.508055 5.0530271)
(-63.650485 51.507754 -1.110223e-16)
(-70.960513 51.509477 -1.110223e-16)
(-50.876576 85.978991 5.0530271)
(-64.002641 85.979291 -1.110223e-16)
(-64.001796 85.977129 5.0520316)
(-50.877572 95.118558 5.0520316)
(-50.878449 85.977568 -1.110223e-16)
(-64.002791 95.116697 5.0530271)
(-50.876727 95.116397 -1.110223e-16)
(-64.000918 95.11812 -1.110223e-16)
(-63.650334 -51.508055 5.0530271)
(-70.962236 -51.507754 2.220446e-16)
(-70.961391 -51.509916 5.0520316)
(-63.65133 -17.984484 5.0520316)
(-63.652207 -51.509477 2.220446e-16)
(-70.962386 -17.986345 5.0530271)
(-63.650485 -17.986646 2.220446e-16)
(-70.960513 -17.984923 2.220446e-16)
(-70.351217 1.9319727 16.203628)
(-70.350917 5.5608773 2.220446e-16)
(-70.353078 5.560032 16.202632)
(-63.650046 1.9329682 16.202632)
(-70.35264 1.9338456 2.220446e-16)
(-63.651907 5.5610275 16.203628)
(-63.652207 1.9321228 2.220446e-16)
(-63.650485 5.5591546 2.220446e-16)
(-63.041965 -93.711449 5.0527311)
(-63.042524 -84.606558 3.8370814)
(-63.042607 -93.711595 -1.110223e-16)
(-63.042794 -69.203224 5.0536918)
(-63.041386 -84.605175 4.7475761)
(-63.042367 -69.204453 -1.110223e-16)
(-63.042646 -75.28676 3.8365616)
(-63.04103 -75.288402 4.7479316)
(-10.271219 -79.056688 4.7464377)
(-10.271871 -80.845864 4.7467115)
(39.470759 -84.605718 4.7464377)
(39.469731 -75.287467 4.7469973)
(10.270332 -80.846639 4.747232)
(10.271871 -79.057906 4.7467115)
(10.923162 -75.289044 0)
(-39.046908 -75.288961 3.8370814)
(-39.044303 -75.287322 0)
(10.923204 -75.288961 3.8362407)
(-39.046067 -84.604036 3.8362407)
(10.922161 -84.604675 0)
(-39.045025 -84.604675 0)
(10.924044 -84.604036 3.8370814)
(-70.351217 -93.711745 5.0530271)
(-70.350917 -69.204039 -1.110223e-16)
(-70.353078 -69.204884 5.0520316)
(-70.35264 -93.709872 -1.110223e-16)
(10.271328 -80.844778 15.313376)
(-10.270332 -80.846639 15.312381)
(10.270332 -79.057131 15.312381)
(-10.271328 -79.058993 15.313376)
(39.468454 -84.605826 3.8369728)
(39.470027 -75.287171 3.8385455)
(-62.905504 52.931033 12.773632)
(-58.725503 -52.931822 12.772921)
(-62.90422 -52.931033 12.774916)
(-58.72554 52.930829 12.773718)
(-53.080837 42.597261 9.1662035)
(-43.579442 -52.930354 3.0976871)
(-53.079679 52.932827 9.1656497)
(-43.578188 42.599468 3.0998618)
(-49.148723 -52.93263 3.1023782)
(-49.149186 42.599043 3.100793)
(-56.775317 42.596614 7.9751948)
(-59.600245 -52.93048 9.7782958)
(-56.774188 52.932786 7.9731328)
(-59.600338 52.930822 9.7787609)
(-62.905215 -52.932029 9.7793457)
(-62.903643 52.932029 9.777773)
(-56.776728 52.930117 9.1682387)
(-43.612504 72.261594 5.8638831)
(-40.692481 61.075372 5.8640372)
(-43.61367 42.598601 5.8655311)
(-56.774257 72.262092 5.8664917)
(-56.776605 75.380099 5.8648315)
(-18.594084 61.0771 5.8648315)
(-40.69164 65.901769 5.8640372)
(-18.595946 65.901877 5.865827)
(-40.693368 75.381383 5.8648315)
(-40.692523 61.077977 0)
(-18.596246 61.076254 0)
(-18.594523 65.900004 0)
(-40.692937 42.599004 0)
(-40.692372 42.598944 5.865827)
(-40.692523 75.379222 0)
(-43.614369 72.261716 9.166832)
(-43.613374 42.597371 9.1662548)
(-56.775665 72.260776 9.1671761)
(-40.694245 65.901727 0)
(-56.774684 42.597935 0)
(-56.774444 75.380945 0)
(92.780068 133.17805 -1.7763568e-15)
(216.60745 -8.3609373 1.0649537e-13)
(108.45232 -70.947762 21.942776)
(108.45279 -70.947887 -2.7711167e-13)
(279.07916 -116.32083 1.5417917e-12)
(216.60346 -8.3577531 21.939951)
(279.08116 -116.31606 21.942141)
(225.00219 -147.60959 4.932648e-10)
(170.92994 -178.90647 1.1581847e-12)
(170.92489 -178.90724 21.939951)
(-4.283794 -136.18818 21.940186)
(87.340276 -83.167471 5.3290705e-15)
(87.335504 -83.165472 21.942141)
(36.125706 -256.91908 21.941884)
(-4.280637 -136.18517 5.3290705e-15)
(149.81516 -191.12337 21.939951)
(36.120297 -256.91618 5.3290705e-15)
(149.81198 -191.12736 5.3290705e-15)
(-106.65239 -149.09796 10.966775)
(-149.82982 -285.86814 10.967368)
(-186.58915 -176.04224 10.969343)
(-24.253222 -148.04754 10.969642)
(13.671461 -263.22446 10.96691)
(-24.250409 -148.05027 1.7763568e-15)
(-106.65122 -149.10031 1.7763568e-15)
(-186.58624 -176.03797 1.7763568e-15)
(-149.83221 -285.86443 1.7763568e-15)
(13.666724 -263.22787 1.7763568e-15)
(-140.61173 -136.20729 6.9337277e-11)
(-188.36951 -152.3774 47.543908)
(-92.851324 -120.04283 47.54436)
(-188.36661 -152.37759 2.1749647e-09)
(-92.853306 -120.04383 0)
(-154.69487 -118.46717 27.46455)
(-154.69488 -118.46718 37.506676)
(-174.95293 -125.32465 27.46455)
(-154.69487 -118.46716 17.422424)
(-174.95291 -125.32465 17.422424)
(-134.43681 -111.6097 27.46455)
(-134.43681 -111.6097 37.506676)
(-134.43681 -111.60969 17.422424)
(-174.95294 -125.32466 37.506676)
(-195.20928 -132.18105 47.546804)
(-114.17713 -104.74919 47.543516)
(-195.20651 -132.17763 7.3774727)
(-114.17721 -104.75127 7.3784288)
(-114.17776 -32.773395 7.3729001)
(-92.852857 -32.775244 7.3784483)
(-114.178 -32.778465 47.545342)
(-245.61512 16.729118 7.3747732)
(-92.850035 86.78991 0)
(-92.847633 86.793654 7.3728404)
(-92.848919 -32.775005 47.541882)
(-245.61162 16.732278 2.0902284e-09)
(-190.63998 101.74833 10.969552)
(-174.0261 73.249489 -8.8817842e-16)
(-174.02206 73.25386 10.966875)
(-234.01868 87.153044 10.967904)
(-190.6362 101.74624 -8.8817842e-16)
(-257.936 45.204815 10.967923)
(-234.0162 87.153084 -8.8817842e-16)
(-257.94153 45.213379 -8.8817842e-16)
(-28.647376 163.51119 9.4420265)
(-170.29622 81.169731 9.4453335)
(-215.65581 160.2444 9.4431501)
(-39.411509 183.00765 9.4459408)
(-131.98858 208.23308 9.4438709)
(-28.651596 163.508 0)
(-39.410007 183.00584 0)
(-131.98629 208.2318 0)
(-215.65261 160.24838 0)
(-170.30101 81.171743 0)
(92.781685 133.17592 18.282596)
(166.29489 112.54975 -1.7763568e-15)
(166.29353 112.55134 18.285178)
(217.08937 35.196108 18.28235)
(92.781766 -46.42379 -1.7763568e-15)
(92.780513 -46.426111 18.281855)
(217.08642 35.191944 -1.7763568e-15)
(63.844307 52.290066 18.722904)
(64.367825 52.292107 15.625818)
(68.842572 52.291805 17.954322)
(46.060915 52.291475 18.301058)
(46.064138 52.293311 21.323913)
(68.848591 52.292792 21.327177)
(46.059972 -52.303214 21.320312)
(63.845351 -52.299969 18.72308)
(46.063257 -52.301378 18.298349)
(64.369295 -52.30201 15.626067)
(68.842511 -52.302695 21.330866)
(68.843957 -52.301708 17.956604)
(62.903963 -52.927951 12.77055)
(58.725842 52.928782 12.769351)
(62.901138 52.927951 12.773375)
(58.727139 -52.928782 12.76973)
(43.818845 52.926457 3.2479669)
(43.816922 -52.926457 3.254549)
(49.385583 52.930833 3.2582852)
(49.384092 -52.930833 3.2578497)
(59.599237 52.926734 9.7808104)
(59.600161 -52.926734 9.7810805)
(62.903328 52.930141 9.7831201)
(62.899868 -52.930141 9.7796602)
(-63.670115 52.290066 19.759316)
(-64.194063 52.292107 16.662303)
(-45.774012 52.291475 19.351251)
(-68.38202 52.291805 18.843517)
(-68.380574 52.292792 22.217779)
(-45.770726 52.293311 22.373212)
(-63.669071 -52.299969 19.759139)
(-68.380636 -52.301708 18.841235)
(-68.386654 -52.302695 22.21409)
(-64.192593 -52.30201 16.662054)
(-45.774892 -52.303214 22.376813)
(-45.771669 -52.301378 19.35396)
(-34.282421 113.33101 0)
(-34.284351 71.986422 5.9633499)
(-34.286211 71.991177 0)
(34.441519 113.32722 2.220446e-16)
(-34.286541 113.32788 5.96554)
(34.437728 71.987387 2.220446e-16)
(34.439659 113.33198 5.9633499)
(34.441849 71.990517 5.96554)
(63.815357 17.98666 5.0511399)
(63.816018 51.50741 0)
(63.811262 51.50555 5.0489498)
(71.120817 17.98885 5.0489498)
(63.812227 17.99078 0)
(71.116722 51.50774 5.0511399)
(71.116062 17.98699 0)
(71.119852 51.50362 0)
(63.815357 -51.50774 5.0511399)
(63.816018 -17.98699 0)
(63.811262 -17.98885 5.0489498)
(71.120817 -51.50555 5.0489498)
(63.812227 -51.50362 0)
(71.116722 -17.98666 5.0511399)
(71.116062 -51.50741 0)
(71.119852 -17.99078 -1.110223e-16)
(-63.652222 17.99012 5.0511399)
(-70.960169 17.99078 -1.110223e-16)
(-70.958309 17.986025 5.0489498)
(-63.654412 51.508375 5.0489498)
(-63.656342 17.98699 -1.110223e-16)
(-70.960499 51.50428 5.0511399)
(-63.652552 51.50362 -1.110223e-16)
(-70.956378 51.50741 -1.110223e-16)
(-50.878464 85.982765 5.0511399)
(-64.000574 85.983426 -1.110223e-16)
(-63.998714 85.97867 5.0489498)
(-50.880654 95.117018 5.0489498)
(-50.882584 85.979635 -1.110223e-16)
(-64.000904 95.112923 5.0511399)
(-50.878794 95.112262 -1.110223e-16)
(-63.996784 95.116052 -1.110223e-16)
(-63.652222 -51.50428 5.0511399)
(-70.960169 -51.50362 2.220446e-16)
(-70.958309 -51.508375 5.0489498)
(-63.654412 -17.986025 5.0489498)
(-63.656342 -51.50741 2.220446e-16)
(-70.960499 -17.99012 5.0511399)
(-63.652552 -17.99078 2.220446e-16)
(-70.956378 -17.98699 2.220446e-16)
(-70.347443 1.9338599 16.20174)
(-70.346782 5.55881 2.220446e-16)
(-70.351537 5.5569501 16.19955)
(-63.651587 1.93605 16.19955)
(-70.350572 1.9379803 2.220446e-16)
(-63.655682 5.5591402 16.20174)
(-63.656342 1.9341902 2.220446e-16)
(-63.652552 5.5550199 2.220446e-16)
(-63.045328 -93.709207 5.0504888)
(-63.046559 -84.60555 3.8390989)
(-63.046742 -93.709528 -1.110223e-16)
(-63.047152 -69.204314 5.0526022)
(-63.044055 -84.602506 4.7449072)
(-63.046213 -69.207017 -1.110223e-16)
(-63.046828 -75.288154 3.8379554)
(-63.043273 -75.291765 4.7456892)
(-10.269202 -79.057697 4.7424026)
(-10.270636 -80.843393 4.7430051)
(39.46975 -84.6037 4.7424026)
(39.467489 -75.28971 4.7436337)
(10.267251 -80.845098 4.7441502)
(10.270636 -79.060377 4.7430051)
(10.921095 -75.293179 0)
(-39.045899 -75.292996 3.8390989)
(-39.040168 -75.289389 0)
(10.921186 -75.292996 3.8372495)
(-39.04405 -84.600001 3.8372495)
(10.918892 -84.601406 0)
(-39.041756 -84.601406 0)
(10.923035 -84.600001 3.8390989)
(-70.347443 -93.709858 5.0511399)
(-70.346782 -69.206106 -1.110223e-16)
(-70.351537 -69.207966 5.0489498)
(-70.350572 -93.705738 -1.110223e-16)
(10.269441 -80.841003 15.311489)
(-10.267251 -80.845098 15.309299)
(10.267251 -79.058672 15.309299)
(-10.269441 -79.062767 15.311489)
(39.46468 -84.603939 3.83886)
(39.46814 -75.289059 3.8423199)
(-62.903963 52.927951 12.77055)
(-58.726653 -52.929686 12.768986)
(-62.901138 -52.927951 12.773375)
(-58.726734 52.927501 12.77074)
(-53.082727 42.599017 9.1623674)
(-43.58154 -52.926457 3.0963517)
(-53.080179 52.931898 9.1611491)
(-43.578781 42.603872 3.1011359)
(-49.147469 -52.931465 3.1066722)
(-49.148488 42.602937 3.1031847)
(-56.77223 42.597593 7.978494)
(-59.599237 -52.926734 9.7808104)
(-56.769746 52.931807 7.9739576)
(-59.59944 52.927487 9.7818336)
(-62.903328 -52.930141 9.7831201)
(-62.899868 52.930141 9.7796602)
(-56.775334 52.925935 9.1668449)
(-43.613348 72.259906 5.8596631)
(-40.694499 61.076381 5.8600021)
(-43.615912 42.601965 5.8632887)
(-56.769899 72.261003 5.8654021)
(-56.775064 75.377018 5.8617497)
(-18.595625 61.080182 5.8617497)
(-40.692649 65.899751 5.8600021)
(-18.59972 65.89999 5.8639398)
(-40.69645 75.379843 5.8617497)
(-40.69459 61.082112 0)
(-18.60038 61.078322 0)
(-18.59659 65.89587 0)
(-40.695501 42.60285 0)
(-40.69426 42.602718 5.8639398)
(-40.69459 75.375087 0)
(-43.617451 72.260175 9.1637502)
(-43.615261 42.599258 9.1624804)
(-56.772996 72.258107 9.1645072)
(-40.69838 65.89966 0)
(-56.770838 42.6005 0)
(-56.770309 75.378877 0)
(92.78286 133.17437 -1.7763568e-15)
(216.60779 -8.3664743 1.0649537e-13)
(108.45738 -70.94911 21.940926)
(108.45815 -70.949317 -2.7711167e-13)
(279.07362 -116.32117 1.5417917e-12)
(216.60118 -8.3612058 21.936252)
(279.07693 -116.31327 21.939876)
(224.99942 -147.60479 8.1524541e-10)
(170.93299 -178.90183 1.1581847e-12)
(170.92464 -178.90311 21.936252)
(-4.2803387 -136.19069 21.936643)
(87.340614 -83.173008 5.3290705e-15)
(87.332718 -83.169701 21.939876)
(36.129101 -256.91543 21.939451)
(-4.2751152 -136.1857 5.3290705e-15)
(149.81171 -191.1211 21.936252)
(36.120152 -256.91063 5.3290705e-15)
(149.80644 -191.1277 5.3290705e-15)
(-106.65194 -149.10184 10.962831)
(-149.82669 -285.86526 10.963813)
(-186.58556 -176.04582 10.96708)
(-24.257122 -148.0509 10.967575)
(13.669101 -263.22124 10.963055)
(-24.252468 -148.05542 1.7763568e-15)
(-106.65001 -149.10572 1.7763568e-15)
(-186.58075 -176.03875 1.7763568e-15)
(-149.83065 -285.8591 1.7763568e-15)
(13.661264 -263.2269 1.7763568e-15)
(-140.6135 -136.20203 1.1472168e-10)
(-188.3675 -152.37334 47.540706)
(-92.855164 -120.04007 47.541453)
(-188.3627 -152.37364 3.5985779e-09)
(-92.858441 -120.04174 0)
(-154.69309 -118.47243 27.46455)
(-154.69311 -118.47243 37.506676)
(-174.95115 -125.3299 27.46455)
(-154.69309 -118.47242 17.422424)
(-174.95113 -125.3299 17.422424)
(-134.43503 -111.61495 27.46455)
(-134.43503 -111.61495 37.506676)
(-134.43503 -111.61494 17.422424)
(-174.95116 -125.32991 37.506676)
(-195.20636 -132.18558 47.545496)
(-114.1743 -104.75247 47.540056)
(-195.20182 -132.17994 7.3756236)
(-114.17441 -104.7559 7.3772056)
(-114.17534 -32.774605 7.368058)
(-92.857699 -32.777665 7.3772377)
(-114.17573 -32.782995 47.543077)
(-245.6119 16.72641 7.3711571)
(-92.853031 86.785241 0)
(-92.849056 86.791435 7.3679592)
(-92.851184 -32.77727 47.537352)
(-245.60611 16.73164 3.4583779e-09)
(-190.64298 101.74417 10.967426)
(-174.03164 73.24933 -8.8817842e-16)
(-174.02497 73.256562 10.962997)
(-234.01627 87.149213 10.9647)
(-190.63672 101.74072 -8.8817842e-16)
(-257.93147 45.204681 10.964731)
(-234.01217 87.149279 -8.8817842e-16)
(-257.94061 45.21885 -8.8817842e-16)
(-28.650155 163.51303 9.4375929)
(-170.29342 81.17395 9.4430644)
(-215.65237 160.24211 9.4394519)
(-39.415278 183.00403 9.4440692)
(-131.98863 208.22857 9.4406445)
(-28.657137 163.50774 0)
(-39.412793 183.00104 0)
(-131.98484 208.22644 0)
(-215.64707 160.24869 0)
(-170.30136 81.17728 0)
(92.784266 133.17251 18.279059)
(166.2922 112.5449 -1.7763568e-15)
(166.28994 112.54753 18.28333)
(217.0858 35.198185 18.278652)
(92.7844 -46.418908 -1.7763568e-15)
(92.782327 -46.422749 18.277833)
(217.08091 35.191294 -1.7763568e-15)
(63.844501 52.28556 18.719675)
(64.36659 52.288936 15.630199)
(68.838426 52.288436 17.955816)
(46.063226 52.28789 18.304605)
(46.068558 52.290929 21.321556)
(68.848384 52.29007 21.322348)
(46.061665 -52.300832 21.315597)
(63.846229 -52.295463 18.719967)
(46.067101 -52.297793 18.300122)
(64.369021 -52.298839 15.63061)
(68.838323 -52.299973 21.328451)
(68.840717 -52.298339 17.959592)
(62.902114 -52.924253 12.766852)
(58.726691 52.925628 12.764867)
(62.89744 52.924253 12.771526)
(58.728837 -52.925628 12.765494)
(43.821363 52.921781 3.2463644)
(43.818181 -52.921781 3.2572549)
(49.384607 52.929021 3.2634366)
(49.382141 -52.929021 3.262716)
(59.598027 52.92224 9.7838279)
(59.599556 -52.92224 9.7842748)
(62.901063 52.927877 9.7876494)
(62.895339 -52.927877 9.7819249)
(-63.670993 52.28556 19.756203)
(-64.193789 52.288936 16.666846)
(-45.777856 52.28789 19.353024)
(-68.37878 52.288436 18.846505)
(-68.376386 52.29007 22.215365)
(-45.772419 52.290929 22.368497)
(-63.669265 -52.295463 19.755911)
(-68.376489 -52.298339 18.842729)
(-68.386447 -52.299973 22.209262)
(-64.191358 -52.298839 16.666435)
(-45.779312 -52.300832 22.374456)
(-45.77398 -52.297793 19.357507)
(-34.277459 113.32853 0)
(-34.280653 71.988271 5.9596517)
(-34.28373 71.996139 0)
(34.439038 113.32226 2.220446e-16)
(-34.284276 113.32335 5.9632753)
(34.432767 71.989868 2.220446e-16)
(34.43596 113.33013 5.9596517)
(34.439584 71.995046 5.9632753)
(63.819886 17.988925 5.0488752)
(63.820979 51.504929 0)
(63.813111 51.501852 5.0452516)
(71.118968 17.992548 5.0452516)
(63.814708 17.995742 0)
(71.112193 51.505475 5.0488752)
(71.1111 17.989471 0)
(71.117371 51.498658 0)
(63.819886 -51.505475 5.0488752)
(63.820979 -17.989471 0)
(63.813111 -17.992548 5.0452516)
(71.118968 -51.501852 5.0452516)
(63.814708 -51.498658 0)
(71.112193 -17.988925 5.0488752)
(71.1111 -51.504929 0)
(71.117371 -17.995742 -1.110223e-16)
(-63.654486 17.994649 5.0488752)
(-70.957688 17.995742 -1.110223e-16)
(-70.954611 17.987874 5.0452516)
(-63.65811 51.506526 5.0452516)
(-63.661304 17.989471 -1.110223e-16)
(-70.958234 51.499751 5.0488752)
(-63.655033 51.498658 -1.110223e-16)
(-70.951417 51.504929 -1.110223e-16)
(-50.880728 85.987294 5.0488752)
(-63.998093 85.988387 -1.110223e-16)
(-63.995016 85.980519 5.0452516)
(-50.884352 95.115168 5.0452516)
(-50.887546 85.982116 -1.110223e-16)
(-63.998639 95.108393 5.0488752)
(-50.881275 95.107301 -1.110223e-16)
(-63.991822 95.113572 -1.110223e-16)
(-63.654486 -51.499751 5.0488752)
(-70.957688 -51.498658 2.220446e-16)
(-70.954611 -51.506526 5.0452516)
(-63.65811 -17.987874 5.0452516)
(-63.661304 -51.504929 2.220446e-16)
(-70.958234 -17.994649 5.0488752)
(-63.655033 -17.995742 2.220446e-16)
(-70.951417 -17.989471 2.220446e-16)
(-70.342913 1.9361246 16.199476)
(-70.341821 5.5563292 2.220446e-16)
(-70.349688 5.5532519 16.195852)
(-63.653436 1.9397482 16.195852)
(-70.348092 1.9429419 2.220446e-16)
(-63.660211 5.5568756 16.199476)
(-63.661304 1.936671 2.220446e-16)
(-63.655033 5.5500582 2.220446e-16)
(-63.049364 -93.706516 5.047798)
(-63.051401 -84.604339 3.8415199)
(-63.051704 -93.707047 -1.110223e-16)
(-63.052382 -69.205621 5.0512947)
(-63.047257 -84.599303 4.7417044)
(-63.050829 -69.210094 -1.110223e-16)
(-63.051845 -75.289827 3.839628)
(-63.045963 -75.295801 4.7429984)
(-10.266781 -79.058907 4.7375606)
(-10.269153 -80.840428 4.7385574)
(39.46854 -84.601279 4.7375606)
(39.464798 -75.292401 4.7395975)
(10.263552 -80.843249 4.740452)
(10.269153 -79.063342 4.7385574)
(10.918614 -75.298141 0)
(-39.044689 -75.297838 3.8415199)
(-39.035207 -75.29187 0)
(10.918765 -75.297838 3.83846)
(-39.041629 -84.595159 3.83846)
(10.91497 -84.597484 0)
(-39.037833 -84.597484 0)
(10.921825 -84.595159 3.8415199)
(-70.342913 -93.707593 5.0488752)
(-70.341821 -69.208587 -1.110223e-16)
(-70.349688 -69.211664 5.0452516)
(-70.348092 -93.700776 -1.110223e-16)
(10.267176 -80.836474 15.309224)
(-10.263552 -80.843249 15.305601)
(10.263552 -79.060521 15.305601)
(-10.267176 -79.067296 15.309224)
(39.46015 -84.601674 3.8411247)
(39.465875 -75.291323 3.8468493)
(-62.902114 52.924253 12.766852)
(-58.728032 -52.927123 12.764263)
(-62.89744 -52.924253 12.771526)
(-58.728167 52.923508 12.767166)
(-53.084995 42.601123 9.157764)
(-43.584058 -52.921781 3.0947493)
(-53.08078 52.930782 9.1557483)
(-43.579492 42.609157 3.102665)
(-49.145963 -52.930067 3.1118249)
(-49.147649 42.60761 3.1060546)
(-56.768527 42.598767 7.982453)
(-59.598027 -52.92224 9.7838279)
(-56.764415 52.930632 7.9749474)
(-59.598362 52.923485 9.7855208)
(-62.901063 -52.927877 9.7876494)
(-62.895339 52.927877 9.7819249)
(-56.773661 52.920918 9.1651723)
(-43.614361 72.25788 5.8545992)
(-40.69692 61.077591 5.85516)
(-43.618603 42.606001 5.8605979)
(-56.764669 72.259695 5.8640946)
(-56.773215 75.373319 5.8580515)
(-18.597474 61.08388 5.8580515)
(-40.69386 65.89733 5.85516)
(-18.604249 65.897725 5.8616751)
(-40.700148 75.377993 5.8580515)
(-40.697071 61.087073 0)
(-18.605342 61.080803 0)
(-18.599071 65.890908 0)
(-40.698578 42.607466 0)
(-40.696524 42.607248 5.8616751)
(-40.697071 75.370126 0)
(-43.621149 72.258326 9.160052)
(-43.617526 42.601523 9.1579511)
(-56.769793 72.254905 9.1613044)
(-40.703342 65.897179 0)
(-56.766222 42.603577 0)
(-56.765347 75.376397 0)
(92.786212 133.16995 -1.7763568e-15)
(216.60819 -8.3731186 1.0649537e-13)
(108.46344 -70.950729 21.938708)
(108.46458 -70.951034 -2.7711167e-13)
(279.06698 -116.32157 1.5417917e-12)
(216.59845 -8.3653491 21.931814)
(279.07185 -116.30993 21.937158)
(224.99608 -147.59903 1.2016221e-09)
(170.93665 -178.89628 1.1581847e-12)
(170.92434 -178.89816 21.931814)
(-4.2761924 -136.19369 21.93239)
(87.34102 -83.179652 5.3290705e-15)
(87.329375 -83.174776 21.937158)
(36.133176 -256.91105 21.936531)
(-4.2684891 -136.18634 5.3290705e-15)
(149.80756 -191.11837 21.931814)
(36.119978 -256.90398 5.3290705e-15)
(149.79979 -191.12811 5.3290705e-15)
(-106.65139 -149.10649 10.958099)
(-149.82294 -285.86179 10.959546)
(-186.58125 -176.0501 10.964364)
(-24.261803 -148.05493 10.965095)
(13.66627 -263.21738 10.958429)
(-24.254938 -148.06161 1.7763568e-15)
(-106.64854 -149.11222 1.7763568e-15)
(-186.57416 -176.03968 1.7763568e-15)
(-149.82878 -285.85272 1.7763568e-15)
(13.654711 -263.22572 1.7763568e-15)
(-140.61564 -136.19573 1.6918296e-10)
(-188.36509 -152.36847 47.536862)
(-92.859771 -120.03677 47.537965)
(-188.35802 -152.36892 5.3069138e-09)
(-92.864605 -120.03922 0)
(-154.69096 -118.47873 27.46455)
(-154.69097 -118.47874 37.506676)
(-174.94901 -125.33621 27.46455)
(-154.69096 -118.47872 17.422424)
(-174.949 -125.33621 17.422424)
(-134.4329 -111.62126 27.46455)
(-134.4329 -111.62126 37.506676)
(-134.4329 -111.62125 17.422424)
(-174.94903 -125.33621 37.506676)
(-195.20286 -132.19102 47.543927)
(-114.17089 -104.7564 47.535904)
(-195.19619 -132.18273 7.3734047)
(-114.17106 -104.76146 7.3757377)
(-114.17243 -32.776058 7.3622475)
(-92.863509 -32.78057 7.3757851)
(-114.17302 -32.78843 47.540359)
(-245.60804 16.723162 7.3668179)
(-92.856625 86.779638 0)
(-92.850764 86.788773 7.3621019)
(-92.853901 -32.779988 47.531917)
(-245.5995 16.730874 5.1001572e-09)
(-190.64657 101.73918 10.964875)
(-174.03829 73.249138 -8.8817842e-16)
(-174.02845 73.259804 10.958344)
(-234.01337 87.144616 10.960854)
(-190.63735 101.73409 -8.8817842e-16)
(-257.92603 45.204519 10.9609)
(-234.00732 87.144713 -8.8817842e-16)
(-257.93951 45.225416 -8.8817842e-16)
(-28.65349 163.51524 9.4322726)
(-170.29007 81.179014 9.4403416)
(-215.64823 160.23937 9.4350141)
(-39.419801 182.9997 9.4418233)
(-131.98868 208.22315 9.4367728)
(-28.663787 163.50744 0)
(-39.416136 182.99529 0)
(-131.9831 208.22002 0)
(-215.64043 160.24907 0)
(-170.30177 81.183924 0)
(92.787364 133.16843 18.274815)
(166.28896 112.53908 -1.7763568e-15)
(166.28564 112.54296 18.281114)
(217.0815 35.200677 18.274214)
(92.787562 -46.41305 -1.7763568e-15)
(92.784505 -46.418715 18.273007)
(217.0743 35.190515 -1.7763568e-15)
(63.844735 52.280152 18.7158)
(64.365108 52.285131 15.635456)
(68.83345 52.284394 17.957608)
(46.065999 52.283588 18.308862)
(46.073862 52.28807 21.318727)
(68.848135 52.286803 21.316554)
(46.063697 -52.297973 21.309939)
(63.847282 -52.290055 18.716231)
(46.071714 -52.293491 18.30225)
(64.368692 -52.295034 15.636063)
(68.833299 -52.296706 21.325554)
(68.836828 -52.294297 17.963177)
(62.899895 -52.919815 12.762414)
(58.72771 52.921843 12.759487)
(62.893002 52.919815 12.769307)
(58.730875 -52.921843 12.760412)
(43.824384 52.91617 3.2444415)
(43.819691 -52.91617 3.2605019)
(49.383436 52.926846 3.2696182)
(49.379799 -52.926846 3.2685555)
(59.596575 52.916846 9.787449)
(59.59883 -52.916846 9.7881079)
(62.898346 52.925159 9.7930846)
(62.889904 -52.925159 9.7846425)
(-63.672046 52.280152 19.752467)
(-64.19346 52.285131 16.672298)
(-45.782468 52.283588 19.355153)
(-68.374891 52.284394 18.85009)
(-68.371362 52.286803 22.212467)
(-45.774451 52.28807 22.362839)
(-63.669499 -52.290055 19.752036)
(-68.371513 -52.294297 18.844522)
(-68.386198 -52.296706 22.203467)
(-64.189876 -52.295034 16.671692)
(-45.784617 -52.297973 22.371627)
(-45.776753 -52.293491 19.361764)
(-34.271505 113.32555 0)
(-34.276215 71.99049 5.9552139)
(-34.280753 72.002093 0)
(34.436061 113.3163 2.220446e-16)
(-34.281559 113.31792 5.9605577)
(34.426813 71.992845 2.220446e-16)
(34.431523 113.32791 5.9552139)
(34.436867 72.000481 5.9605577)
(63.825322 17.991642 5.0461576)
(63.826933 51.501952 0)
(63.81533 51.497414 5.0408138)
(71.116749 17.996986 5.0408138)
(63.817685 18.001696 0)
(71.106758 51.502758 5.0461576)
(71.105146 17.992448 0)
(71.114394 51.492704 0)
(63.825322 -51.502758 5.0461576)
(63.826933 -17.992448 0)
(63.81533 -17.996986 5.0408138)
(71.116749 -51.497414 5.0408138)
(63.817685 -51.492704 0)
(71.106758 -17.991642 5.0461576)
(71.105146 -51.501952 0)
(71.114394 -18.001696 -1.110223e-16)
(-63.657204 18.000084 5.0461576)
(-70.954711 18.001696 -1.110223e-16)
(-70.950173 17.990093 5.0408138)
(-63.662548 51.504307 5.0408138)
(-63.667258 17.992448 -1.110223e-16)
(-70.955517 51.494316 5.0461576)
(-63.65801 51.492704 -1.110223e-16)
(-70.945463 51.501952 -1.110223e-16)
(-50.883446 85.99273 5.0461576)
(-63.995116 85.994341 -1.110223e-16)
(-63.990578 85.982738 5.0408138)
(-50.88879 95.11295 5.0408138)
(-50.8935 85.985093 -1.110223e-16)
(-63.995922 95.102958 5.0461576)
(-50.884252 95.101347 -1.110223e-16)
(-63.985868 95.110595 -1.110223e-16)
(-63.657204 -51.494316 5.0461576)
(-70.954711 -51.492704 2.220446e-16)
(-70.950173 -51.504307 5.0408138)
(-63.662548 -17.990093 5.0408138)
(-63.667258 -51.501952 2.220446e-16)
(-70.955517 -18.000084 5.0461576)
(-63.65801 -18.001696 2.220446e-16)
(-70.945463 -17.992448 2.220446e-16)
(-70.337478 1.9388422 16.196758)
(-70.335867 5.5533522 2.220446e-16)
(-70.347469 5.5488141 16.191414)
(-63.655655 1.944186 16.191414)
(-70.345115 1.9488959 2.220446e-16)
(-63.665646 5.554158 16.196758)
(-63.667258 1.939648 2.220446e-16)
(-63.65801 5.5441043 2.220446e-16)
(-63.054208 -93.703287 5.044569)
(-63.057212 -84.602886 3.8444252)
(-63.057658 -93.70407 -1.110223e-16)
(-63.058658 -69.20719 5.0497257)
(-63.051101 -84.59546 4.7378612)
(-63.056368 -69.213787 -1.110223e-16)
(-63.057867 -75.291834 3.8416351)
(-63.049192 -75.300645 4.7397694)
(-10.263876 -79.06036 4.7317501)
(-10.267374 -80.83687 4.7332201)
(39.467087 -84.598374 4.7317501)
(39.461569 -75.29563 4.734754)
(10.259115 -80.84103 4.7360142)
(10.267374 -79.066901 4.7332201)
(10.915637 -75.304095 0)
(-39.043236 -75.303649 3.8444252)
(-39.029253 -75.294847 0)
(10.91586 -75.303649 3.8399126)
(-39.038724 -84.589349 3.8399126)
(10.910263 -84.592777 0)
(-39.033126 -84.592777 0)
(10.920372 -84.589349 3.8444252)
(-70.337478 -93.704876 5.0461576)
(-70.335867 -69.211564 -1.110223e-16)
(-70.347469 -69.216102 5.0408138)
(-70.345115 -93.694822 -1.110223e-16)
(10.264458 -80.831039 15.306507)
(-10.259115 -80.84103 15.301163)
(10.259115 -79.06274 15.301163)
(-10.264458 -79.072732 15.306507)
(39.454715 -84.598957 3.8438423)
(39.463157 -75.294041 3.8522845)
(-62.899895 52.919815 12.762414)
(-58.729688 -52.924048 12.758596)
(-62.893002 -52.919815 12.769307)
(-58.729887 52.918717 12.762877)
(-53.087717 42.603651 9.15224)
(-43.587079 -52.91617 3.0928263)
(-53.0815 52.929444 9.1492675)
(-43.580346 42.615499 3.1044998)
(-49.144157 -52.928389 3.1180082)
(-49.146643 42.613217 3.1094986)
(-56.764082 42.600177 7.9872038)
(-59.596575 -52.916846 9.787449)
(-56.758019 52.929223 7.9761351)
(-59.59707 52.918683 9.7899454)
(-62.898346 -52.925159 9.7930846)
(-62.889904 52.925159 9.7846425)
(-56.771654 52.914897 9.1631653)
(-43.615577 72.25545 5.8485224)
(-40.699825 61.079044 5.8493496)
(-43.621832 42.610845 5.8573689)
(-56.758393 72.258126 5.8625256)
(-56.770996 75.368882 5.8536137)
(-18.599693 61.088318 5.8536137)
(-40.695312 65.894425 5.8493496)
(-18.609684 65.895008 5.8589575)
(-40.704586 75.375775 5.8536137)
(-40.700048 61.093027 0)
(-18.611296 61.083779 0)
(-18.602048 65.884954 0)
(-40.70227 42.613004 0)
(-40.699242 42.612683 5.8589575)
(-40.700048 75.364172 0)
(-43.625587 72.256107 9.1556142)
(-43.620243 42.604241 9.1525159)
(-56.76595 72.251061 9.1574612)
(-40.709296 65.894202 0)
(-56.760683 42.607269 0)
(-56.759393 75.37342 0)
(92.790233 133.16464 -1.7763568e-15)
(216.60868 -8.3810919 1.0649537e-13)
(108.47072 -70.95267 21.936045)
(108.4723 -70.953093 -2.7711167e-13)
(279.059 -116.32206 1.5417917e-12)
(216.59518 -8.3703211 21.926489)
(279.06576 -116.30592 21.933897)
(224.99208 -147.59212 1.6652742e-09)
(170.94105 -178.8896 1.1581847e-12)
(170.92398 -178.89222 21.926489)
(-4.2712167 -136.1973 21.927287)
(87.341506 -83.187626 5.3290705e-15)
(87.325363 -83.180865 21.933897)
(36.138066 -256.90579 21.933028)
(-4.2605378 -136.1871 5.3290705e-15)
(149.80259 -191.11509 21.926489)
(36.11977 -256.89599 5.3290705e-15)
(149.79182 -191.12859 5.3290705e-15)
(-106.65074 -149.11206 10.95242)
(-149.81843 -285.85763 10.954427)
(-186.57607 -176.05524 10.961105)
(-24.267419 -148.05977 10.962118)
(13.662872 -263.21275 10.952878)
(-24.257903 -148.06902 1.7763568e-15)
(-106.64679 -149.12001 1.7763568e-15)
(-186.56625 -176.0408 1.7763568e-15)
(-149.82653 -285.84505 1.7763568e-15)
(13.646849 -263.22431 1.7763568e-15)
(-140.6182 -136.18816 2.3453649e-10)
(-188.3622 -152.36262 47.53225)
(-92.865299 -120.03281 47.533778)
(-188.3524 -152.36324 7.3569168e-09)
(-92.872 -120.0362 0)
(-154.68839 -118.4863 27.46455)
(-154.68841 -118.48631 37.506676)
(-174.94645 -125.34377 27.46455)
(-154.68839 -118.48629 17.422424)
(-174.94644 -125.34377 17.422424)
(-134.43034 -111.62882 27.46455)
(-134.43034 -111.62882 37.506676)
(-134.43034 -111.62882 17.422424)
(-174.94647 -125.34378 37.506676)
(-195.19866 -132.19755 47.542045)
(-114.1668 -104.76112 47.530922)
(-195.18944 -132.18606 7.370742)
(-114.16704 -104.76814 7.3739762)
(-114.16895 -32.777801 7.355275)
(-92.870482 -32.784057 7.374042)
(-114.16975 -32.794952 47.537098)
(-245.6034 16.719264 7.3616108)
(-92.860938 86.772914 0)
(-92.852814 86.785579 7.355073)
(-92.857162 -32.783249 47.525395)
(-245.59156 16.729955 7.0702925e-09)
(-190.65089 101.7332 10.961813)
(-174.04628 73.248908 -8.8817842e-16)
(-174.03263 73.263694 10.952759)
(-234.0099 87.1391 10.956239)
(-190.6381 101.72614 -8.8817842e-16)
(-257.9195 45.204325 10.956303)
(-234.00151 87.139233 -8.8817842e-16)
(-257.93819 45.233294 -8.8817842e-16)
(-28.657493 163.51789 9.4258883)
(-170.28604 81.18509 9.4370741)
(-215.64327 160.23607 9.4296887)
(-39.425229 182.99449 9.4391283)
(-131.98875 208.21666 9.4321268)
(-28.671767 163.50708 0)
(-39.420148 182.98838 0)
(-131.98101 208.21231 0)
(-215.63245 160.24953 0)
(-170.30226 81.191897 0)
(92.791082 133.16352 18.269722)
(166.28508 112.5321 -1.7763568e-15)
(166.28047 112.53748 18.278453)
(217.07636 35.203667 18.268889)
(92.791356 -46.40602 -1.7763568e-15)
(92.787118 -46.413873 18.267215)
(217.06636 35.18958 -1.7763568e-15)
(63.845015 52.273662 18.711151)
(64.363329 52.280566 15.641765)
(68.827479 52.279543 17.959759)
(46.069326 52.278426 18.31397)
(46.080228 52.284639 21.315332)
(68.847836 52.282883 21.3096)
(46.066135 -52.294542 21.30315)
(63.848546 -52.283565 18.711748)
(46.077249 -52.288329 18.304804)
(64.368298 -52.290468 15.642605)
(68.82727 -52.292786 21.322077)
(68.832162 -52.289446 17.967479)
(62.897232 -52.91449 12.757089)
(58.728933 52.9173 12.753031)
(62.887676 52.91449 12.766645)
(58.733321 -52.9173 12.754313)
(43.828009 52.909436 3.2421339)
(43.821504 -52.909436 3.2643983)
(49.382032 52.924237 3.2770362)
(49.37699 -52.924237 3.275563)
(59.594833 52.910374 9.7917942)
(59.597959 -52.910374 9.7927077)
(62.895085 52.921898 9.7996069)
(62.883381 -52.921898 9.7879036)
(-63.673311 52.273662 19.747984)
(-64.193066 52.280566 16.678841)
(-45.788004 52.278426 19.357707)
(-68.370225 52.279543 18.854392)
(-68.365333 52.282883 22.208991)
(-45.77689 52.284639 22.35605)
(-63.669779 -52.283565 19.747387)
(-68.365542 -52.289446 18.846673)
(-68.385899 -52.292786 22.196513)
(-64.188097 -52.290468 16.678001)
(-45.790982 -52.294542 22.368233)
(-45.780081 -52.288329 19.366872)
(-34.26436 113.32198 0)
(-34.27089 71.993153 5.9498885)
(-34.277181 72.009237 0)
(34.432488 113.30916 2.220446e-16)
(-34.278298 113.31139 5.9572966)
(34.419668 71.996417 2.220446e-16)
(34.426197 113.32525 5.9498885)
(34.433605 72.007003 5.9572966)
(63.831844 17.994903 5.0428965)
(63.834078 51.49838 0)
(63.817993 51.492089 5.0354884)
(71.114086 18.002311 5.0354884)
(63.821258 18.008841 0)
(71.100235 51.499497 5.0428965)
(71.098001 17.99602 0)
(71.110822 51.485559 0)
(63.831844 -51.499497 5.0428965)
(63.834078 -17.99602 0)
(63.817993 -18.002311 5.0354884)
(71.114086 -51.492089 5.0354884)
(63.821258 -51.485559 0)
(71.100235 -17.994903 5.0428965)
(71.098001 -51.49838 0)
(71.110822 -18.008841 -1.110223e-16)
(-63.660465 18.006607 5.0428965)
(-70.951138 18.008841 -1.110223e-16)
(-70.944847 17.992756 5.0354884)
(-63.667873 51.501644 5.0354884)
(-63.674402 17.99602 -1.110223e-16)
(-70.952255 51.487793 5.0428965)
(-63.661582 51.485559 -1.110223e-16)
(-70.938318 51.49838 -1.110223e-16)
(-50.886707 85.999252 5.0428965)
(-63.991544 86.001486 -1.110223e-16)
(-63.985253 85.985401 5.0354884)
(-50.894115 95.110287 5.0354884)
(-50.900644 85.988666 -1.110223e-16)
(-63.992661 95.096436 5.0428965)
(-50.887824 95.094202 -1.110223e-16)
(-63.978723 95.107022 -1.110223e-16)
(-63.660465 -51.487793 5.0428965)
(-70.951138 -51.485559 2.220446e-16)
(-70.944847 -51.501644 5.0354884)
(-63.667873 -17.992756 5.0354884)
(-63.674402 -51.49838 2.220446e-16)
(-70.952255 -18.006607 5.0428965)
(-63.661582 -18.008841 2.220446e-16)
(-70.938318 -17.99602 2.220446e-16)
(-70.330956 1.9421033 16.193497)
(-70.328722 5.5497798 2.220446e-16)
(-70.344807 5.5434887 16.186089)
(-63.658317 1.9495114 16.186089)
(-70.341542 1.9560406 2.220446e-16)
(-63.672168 5.5508968 16.193497)
(-63.674402 1.9432203 2.220446e-16)
(-63.661582 5.5369595 2.220446e-16)
(-63.06002 -93.699412 5.0406942)
(-63.064184 -84.601143 3.8479115)
(-63.064802 -93.700498 -1.110223e-16)
(-63.066189 -69.209073 5.0478429)
(-63.055713 -84.590848 4.7332493)
(-63.063014 -69.218218 -1.110223e-16)
(-63.065092 -75.294242 3.8440436)
(-63.053067 -75.306457 4.7358946)
(-10.260389 -79.062103 4.7247775)
(-10.265239 -80.8326 4.7268154)
(39.465344 -84.594888 4.7247775)
(39.457694 -75.299504 4.7289418)
(10.253789 -80.838368 4.7306888)
(10.265239 -79.07117 4.7268154)
(10.912064 -75.311239 0)
(-39.041493 -75.310621 3.8479115)
(-39.022108 -75.298419 0)
(10.912373 -75.310621 3.8416558)
(-39.035237 -84.582376 3.8416558)
(10.904614 -84.587128 0)
(-39.027478 -84.587128 0)
(10.918629 -84.582376 3.8479115)
(-70.330956 -93.701615 5.0428965)
(-70.328722 -69.215137 -1.110223e-16)
(-70.344807 -69.221428 5.0354884)
(-70.341542 -93.687677 -1.110223e-16)
(10.261197 -80.824517 15.303246)
(-10.253789 -80.838368 15.295838)
(10.253789 -79.065403 15.295838)
(-10.261197 -79.079254 15.303246)
(39.448193 -84.595696 3.8471034)
(39.459896 -75.297302 3.8588067)
(-62.897232 52.91449 12.757089)
(-58.731675 -52.920358 12.751796)
(-62.887676 -52.91449 12.766645)
(-58.731951 52.912967 12.75773)
(-53.090983 42.606684 9.1456113)
(-43.590704 -52.909436 3.0905188)
(-53.082365 52.927838 9.1414904)
(-43.58137 42.623109 3.1067016)
(-49.141989 -52.926376 3.1254282)
(-49.145435 42.619945 3.1136314)
(-56.758748 42.601868 7.9929047)
(-59.594833 -52.910374 9.7917942)
(-56.750343 52.927532 7.9775603)
(-59.595518 52.91292 9.795255)
(-62.895085 -52.921898 9.7996069)
(-62.883381 52.921898 9.7879036)
(-56.769246 52.907671 9.1607568)
(-43.617035 72.252533 5.8412303)
(-40.703311 61.080787 5.842377)
(-43.625707 42.616657 5.8534941)
(-56.750862 72.256244 5.8606428)
(-56.768334 75.363556 5.8482883)
(-18.602356 61.093643 5.8482883)
(-40.697055 65.890939 5.842377)
(-18.616207 65.891747 5.8556964)
(-40.709911 75.373112 5.8482883)
(-40.70362 61.100172 0)
(-18.618441 61.087352 0)
(-18.60562 65.877809 0)
(-40.706701 42.619651 0)
(-40.702503 42.619205 5.8556964)
(-40.70362 75.357027 0)
(-43.630913 72.253445 9.1502888)
(-43.623504 42.607502 9.1459936)
(-56.761338 72.24645 9.1528493)
(-40.71644 65.89063 0)
(-56.754037 42.6117 0)
(-56.752249 75.369847 0)
(92.795059 133.15828 -1.7763568e-15)
(216.60926 -8.3906598 1.0649537e-13)
(108.47945 -70.955001 21.93285)
(108.48156 -70.955565 -2.7711167e-13)
(279.04943 -116.32264 1.5417917e-12)
(216.59125 -8.3762874 21.920099)
(279.05846 -116.3011 21.929984)
(224.98728 -147.58382 2.2216567e-09)
(170.94632 -178.8816 1.1581847e-12)
(170.92354 -178.88508 21.920099)
(-4.2652459 -136.20163 21.921163)
(87.34209 -83.197194 5.3290705e-15)
(87.320549 -83.188172 21.929984)
(36.143933 -256.89948 21.928824)
(-4.2509962 -136.18802 5.3290705e-15)
(149.79663 -191.11116 21.920099)
(36.11952 -256.88641 5.3290705e-15)
(149.78225 -191.12918 5.3290705e-15)
(-106.64996 -149.11876 10.945605)
(-149.81303 -285.85263 10.948283)
(-186.56987 -176.06141 10.957195)
(-24.274159 -148.06557 10.958547)
(13.658794 -263.20719 10.946216)
(-24.261461 -148.07792 1.7763568e-15)
(-106.64469 -149.12936 1.7763568e-15)
(-186.55676 -176.04214 1.7763568e-15)
(-149.82383 -285.83585 1.7763568e-15)
(13.637413 -263.22262 1.7763568e-15)
(-140.62127 -136.17908 3.1296073e-10)
(-188.35874 -152.35561 47.526716)
(-92.871933 -120.02805 47.528755)
(-188.34565 -152.35643 9.8169205e-09)
(-92.880875 -120.03258 0)
(-154.68532 -118.49538 27.46455)
(-154.68534 -118.49539 37.506676)
(-174.94338 -125.35285 27.46455)
(-154.68532 -118.49537 17.422424)
(-174.94336 -125.35285 17.422424)
(-134.42726 -111.6379 27.46455)
(-134.42726 -111.6379 37.506676)
(-134.42726 -111.63789 17.422424)
(-174.94339 -125.35286 37.506676)
(-195.19363 -132.20539 47.539785)
(-114.16189 -104.76679 47.524943)
(-195.18134 -132.19007 7.3675467)
(-114.16222 -104.77615 7.3718624)
(-114.16476 -32.779893 7.3469079)
(-92.878849 -32.78824 7.3719502)
(-114.16584 -32.802779 47.533185)
(-245.59784 16.714586 7.3553623)
(-92.866114 86.764846 0)
(-92.855273 86.781745 7.3466384)
(-92.861076 -32.787162 47.517568)
(-245.58204 16.728852 9.4344548e-09)
(-190.65606 101.72601 10.958139)
(-174.05586 73.248633 -8.8817842e-16)
(-174.03765 73.268362 10.946058)
(-234.00572 87.13248 10.950702)
(-190.639 101.71659 -8.8817842e-16)
(-257.91166 45.204093 10.950787)
(-233.99453 87.132658 -8.8817842e-16)
(-257.93661 45.242748 -8.8817842e-16)
(-28.662295 163.52107 9.418227)
(-170.28121 81.192382 9.4331532)
(-215.63732 160.23212 9.4232982)
(-39.431743 182.98825 9.4358942)
(-131.98882 208.20886 9.4265516)
(-28.681343 163.50665 0)
(-39.424962 182.98009 0)
(-131.9785 208.20306 0)
(-215.62288 160.25008 0)
(-170.30285 81.201464 0)
(92.795543 133.15764 18.26361)
(166.28042 112.52372 -1.7763568e-15)
(166.27427 112.5309 18.275261)
(217.07018 35.207255 18.262498)
(92.795909 -46.397585 -1.7763568e-15)
(92.790253 -46.408064 18.260265)
(217.05684 35.188458 -1.7763568e-15)
(63.845351 52.265875 18.705571)
(64.361194 52.275086 15.649335)
(68.820314 52.273723 17.962341)
(46.073319 52.272232 18.320099)
(46.087866 52.280523 21.311259)
(68.847478 52.278179 21.301256)
(46.069061 -52.290426 21.295003)
(63.850063 -52.275778 18.706368)
(46.083892 -52.282134 18.307869)
(64.367825 -52.284989 15.650456)
(68.820034 -52.288082 21.317905)
(68.826563 -52.283626 17.972642)
(62.894037 -52.9081 12.750698)
(58.7304 52.91185 12.745284)
(62.881286 52.9081 12.763449)
(58.736256 -52.91185 12.746994)
(43.83236 52.901356 3.2393649)
(43.823679 -52.901356 3.2690741)
(49.380346 52.921105 3.2859377)
(49.373618 -52.921105 3.283972)
(59.592742 52.902607 9.7970085)
(59.596914 -52.902607 9.7982274)
(62.891171 52.917985 9.8074336)
(62.875555 -52.917985 9.7918169)
(-63.674828 52.265875 19.742604)
(-64.192593 52.275086 16.686692)
(-45.794646 52.272232 19.360771)
(-68.364626 52.273723 18.859555)
(-68.358097 52.278179 22.204818)
(-45.779816 52.280523 22.347903)
(-63.670115 -52.275778 19.741807)
(-68.358377 -52.283626 18.849254)
(-68.385541 -52.288082 22.188169)
(-64.185962 -52.284989 16.685571)
(-45.79862 -52.290426 22.364159)
(-45.784074 -52.282134 19.373001)
(-34.255787 113.31769 0)
(-34.264499 71.996348 5.943498)
(-34.272894 72.017811 0)
(34.428202 113.30059 2.220446e-16)
(-34.274384 113.30357 5.9533832)
(34.411094 72.000704 2.220446e-16)
(34.419807 113.32205 5.943498)
(34.429692 72.01483 5.9533832)
(63.839671 17.998817 5.0389831)
(63.842652 51.494093 0)
(63.821188 51.485698 5.0290979)
(71.110891 18.008702 5.0290979)
(63.825545 18.017414 0)
(71.092409 51.495583 5.0389831)
(71.089428 18.000307 0)
(71.106535 51.476986 0)
(63.839671 -51.495583 5.0389831)
(63.842652 -18.000307 0)
(63.821188 -18.008702 5.0290979)
(71.110891 -51.485698 5.0290979)
(63.825545 -51.476986 0)
(71.092409 -17.998817 5.0389831)
(71.089428 -51.494093 0)
(71.106535 -18.017414 -1.110223e-16)
(-63.664378 18.014433 5.0389831)
(-70.946852 18.017414 -1.110223e-16)
(-70.938457 17.995951 5.0290979)
(-63.674264 51.498449 5.0290979)
(-63.682976 18.000307 -1.110223e-16)
(-70.948342 51.479967 5.0389831)
(-63.665869 51.476986 -1.110223e-16)
(-70.929744 51.494093 -1.110223e-16)
(-50.89062 86.007079 5.0389831)
(-63.987257 86.01006 -1.110223e-16)
(-63.978862 85.988596 5.0290979)
(-50.900506 95.107092 5.0290979)
(-50.909218 85.992953 -1.110223e-16)
(-63.988747 95.088609 5.0389831)
(-50.892111 95.085628 -1.110223e-16)
(-63.97015 95.102735 -1.110223e-16)
(-63.664378 -51.479967 5.0389831)
(-70.946852 -51.476986 2.220446e-16)
(-70.938457 -51.498449 5.0290979)
(-63.674264 -17.995951 5.0290979)
(-63.682976 -51.494093 2.220446e-16)
(-70.948342 -18.014433 5.0389831)
(-63.665869 -18.017414 2.220446e-16)
(-70.929744 -18.000307 2.220446e-16)
(-70.323129 1.9460166 16.189584)
(-70.320148 5.545493 2.220446e-16)
(-70.341612 5.5370983 16.179698)
(-63.661513 1.9559019 16.179698)
(-70.337255 1.9646143 2.220446e-16)
(-63.679995 5.5469835 16.189584)
(-63.682976 1.9475072 2.220446e-16)
(-63.665869 5.5283858 2.220446e-16)
(-63.066995 -93.694763 5.0360444)
(-63.072551 -84.599052 3.852095)
(-63.073376 -93.696211 -1.110223e-16)
(-63.075227 -69.211333 5.0455835)
(-63.061247 -84.585314 4.7277149)
(-63.07099 -69.223535 -1.110223e-16)
(-63.073763 -75.297132 3.8469338)
(-63.057717 -75.313432 4.7312449)
(-10.256206 -79.064195 4.7164104)
(-10.262677 -80.827476 4.7191297)
(39.463252 -84.590704 4.7164104)
(39.453044 -75.304154 4.7219672)
(10.247399 -80.835172 4.7242983)
(10.262677 -79.076294 4.7191297)
(10.907778 -75.319813 0)
(-39.039401 -75.318989 3.852095)
(-39.013534 -75.302706 0)
(10.90819 -75.318989 3.8437475)
(-39.031054 -84.574009 3.8437475)
(10.897836 -84.58035 0)
(-39.0207 -84.58035 0)
(10.916537 -84.574009 3.852095)
(-70.323129 -93.697701 5.0389831)
(-70.320148 -69.219423 -1.110223e-16)
(-70.341612 -69.227818 5.0290979)
(-70.337255 -93.679104 -1.110223e-16)
(10.257284 -80.81669 15.299332)
(-10.247399 -80.835172 15.289447)
(10.247399 -79.068598 15.289447)
(-10.257284 -79.08708 15.299332)
(39.440366 -84.591782 3.8510167)
(39.455983 -75.301215 3.8666334)
(-62.894037 52.9081 12.750698)
(-58.734059 -52.915929 12.743636)
(-62.881286 -52.9081 12.763449)
(-58.734428 52.906067 12.751554)
(-53.094903 42.610324 9.1376567)
(-43.595055 -52.901356 3.0877498)
(-53.083402 52.925911 9.1321579)
(-43.582599 42.632241 3.1093437)
(-49.139387 -52.92396 3.1343321)
(-49.143986 42.628019 3.1185908)
(-56.752348 42.603898 7.9997459)
(-59.592742 -52.902607 9.7970085)
(-56.741132 52.925502 7.9792706)
(-59.593657 52.906004 9.8016266)
(-62.891171 -52.917985 9.8074336)
(-62.875555 52.917985 9.7918169)
(-56.766356 52.899 9.1578666)
(-43.618785 72.249033 5.8324798)
(-40.707495 61.082879 5.8340099)
(-43.630356 42.623631 5.8488444)
(-56.741824 72.253984 5.8583834)
(-56.765138 75.357166 5.8418978)
(-18.605551 61.100033 5.8418978)
(-40.699147 65.886755 5.8340099)
(-18.624033 65.887833 5.8517831)
(-40.716302 75.369917 5.8418978)
(-40.707907 61.108746 0)
(-18.627014 61.091639 0)
(-18.609907 65.869236 0)
(-40.712019 42.627627 0)
(-40.706416 42.627032 5.8517831)
(-40.707907 75.348453 0)
(-43.637303 72.25025 9.1438984)
(-43.627418 42.611415 9.1381669)
(-56.755804 72.240915 9.147315)
(-40.725014 65.886343 0)
(-56.746061 42.617017 0)
(-56.743675 75.36556 0)
(92.80085 133.15064 -1.7763568e-15)
(216.60996 -8.4021412 1.0649537e-13)
(108.48993 -70.957797 21.929015)
(108.49268 -70.958531 -2.7711167e-13)
(279.03795 -116.32334 1.5417917e-12)
(216.58653 -8.3834471 21.91243)
(279.04969 -116.29532 21.925288)
(224.98152 -147.57386 2.8893157e-09)
(170.95265 -178.87199 1.1581847e-12)
(170.92302 -178.87653 21.91243)
(-4.258081 -136.20682 21.913815)
(87.342791 -83.208675 5.3290705e-15)
(87.314772 -83.196941 21.925288)
(36.150975 -256.89191 21.923779)
(-4.2395463 -136.18912 5.3290705e-15)
(149.78947 -191.10644 21.91243)
(36.11922 -256.87491 5.3290705e-15)
(149.77077 -191.12988 5.3290705e-15)
(-106.64902 -149.12679 10.937427)
(-149.80654 -285.84664 10.94091)
(-186.56242 -176.06882 10.952502)
(-24.282247 -148.07254 10.95426)
(13.653901 -263.20053 10.938222)
(-24.265731 -148.08861 1.7763568e-15)
(-106.64216 -149.14058 1.7763568e-15)
(-186.54537 -176.04374 1.7763568e-15)
(-149.82059 -285.82481 1.7763568e-15)
(13.626091 -263.22059 1.7763568e-15)
(-140.62496 -136.16819 4.0706982e-10)
(-188.35457 -152.34719 47.520075)
(-92.879894 -120.02234 47.522727)
(-188.33756 -152.34826 1.2768925e-08)
(-92.891525 -120.02823 0)
(-154.68163 -118.50627 27.46455)
(-154.68165 -118.50628 37.506676)
(-174.93969 -125.36375 27.46455)
(-154.68163 -118.50627 17.422424)
(-174.93967 -125.36375 17.422424)
(-134.42358 -111.6488 27.46455)
(-134.42358 -111.6488 37.506676)
(-134.42358 -111.64879 17.422424)
(-174.9397 -125.36376 37.506676)
(-195.18758 -132.21479 47.537074)
(-114.15601 -104.77358 47.517769)
(-195.17161 -132.19487 7.3637124)
(-114.15643 -104.78576 7.3693259)
(-114.15974 -32.782403 7.3368674)
(-92.888889 -32.793261 7.3694401)
(-114.16114 -32.812171 47.528489)
(-245.59116 16.708972 7.3478642)
(-92.872326 86.755164 0)
(-92.858224 86.777145 7.3365169)
(-92.865772 -32.791858 47.508176)
(-245.57062 16.727529 1.227145e-08)
(-190.66228 101.71739 10.95373)
(-174.06736 73.248302 -8.8817842e-16)
(-174.04367 73.273964 10.938017)
(-234.00072 87.124536 10.944057)
(-190.64008 101.70514 -8.8817842e-16)
(-257.90226 45.203813 10.944167)
(-233.98616 87.124768 -8.8817842e-16)
(-257.93471 45.254092 -8.8817842e-16)
(-28.668059 163.52489 9.4090335)
(-170.27541 81.201131 9.4284481)
(-215.63018 160.22737 9.4156297)
(-39.439559 182.98075 9.4320134)
(-131.98892 208.1995 9.4198613)
(-28.692834 163.50613 0)
(-39.430739 182.97014 0)
(-131.97549 208.19195 0)
(-215.6114 160.25073 0)
(-170.30356 81.212945 0)
(92.800896 133.15058 18.256276)
(166.27483 112.51367 -1.7763568e-15)
(166.26683 112.52301 18.27143)
(217.06276 35.211561 18.25483)
(92.801372 -46.387462 -1.7763568e-15)
(92.794016 -46.401092 18.251925)
(217.04542 35.187111 -1.7763568e-15)
(63.845754 52.25653 18.698876)
(64.358632 52.268512 15.658419)
(68.811716 52.266738 17.965438)
(46.078111 52.264798 18.327454)
(46.097032 52.275582 21.30637)
(68.847049 52.272534 21.291242)
(46.072573 -52.285485 21.285226)
(63.851884 -52.266433 18.699913)
(46.091863 -52.274701 18.311547)
(64.367257 -52.278414 15.659878)
(68.811352 -52.282437 21.312899)
(68.819844 -52.276641 17.978837)
(62.890203 -52.900431 12.74303)
(58.732161 52.905309 12.735987)
(62.873617 52.900431 12.759615)
(58.739777 -52.905309 12.738212)
(43.83758 52.89166 3.236042)
(43.826289 -52.89166 3.2746849)
(49.378322 52.917348 3.2966196)
(49.369571 -52.917348 3.2940627)
(59.590233 52.893286 9.8032656)
(59.595659 -52.893286 9.8048511)
(62.886475 52.913289 9.8168256)
(62.866163 -52.913289 9.7965129)
(-63.676648 52.25653 19.736148)
(-64.192025 52.268512 16.696114)
(-45.802617 52.264798 19.364449)
(-68.357907 52.266738 18.86575)
(-68.349415 52.272534 22.199812)
(-45.783327 52.275582 22.338126)
(-63.670519 -52.266433 19.735112)
(-68.349779 -52.276641 18.852351)
(-68.385112 -52.282437 22.178156)
(-64.1834 -52.278414 16.694655)
(-45.807786 -52.285485 22.359271)
(-45.788866 -52.274701 19.380356)
(-34.245498 113.31255 0)
(-34.256831 72.000182 5.9358294)
(-34.26775 72.0281 0)
(34.423057 113.2903 2.220446e-16)
(-34.269688 113.29418 5.9486872)
(34.400806 72.005848 2.220446e-16)
(34.412138 113.31822 5.9358294)
(34.424996 72.024222 5.9486872)
(63.849063 18.003513 5.0342871)
(63.85294 51.488949 0)
(63.825023 51.47803 5.0214293)
(71.107057 18.01637 5.0214293)
(63.830689 18.027703 0)
(71.083017 51.490887 5.0342871)
(71.079139 18.005451 0)
(71.101391 51.466697 0)
(63.849063 -51.490887 5.0342871)
(63.85294 -18.005451 0)
(63.825023 -18.01637 5.0214293)
(71.107057 -51.47803 5.0214293)
(63.830689 -51.466697 0)
(71.083017 -18.003513 5.0342871)
(71.079139 -51.488949 0)
(71.101391 -18.027703 -1.110223e-16)
(-63.669074 18.023825 5.0342871)
(-70.941707 18.027703 -1.110223e-16)
(-70.930788 17.999785 5.0214293)
(-63.681932 51.494615 5.0214293)
(-63.693265 18.005451 -1.110223e-16)
(-70.943646 51.470575 5.0342871)
(-63.671013 51.466697 -1.110223e-16)
(-70.919456 51.488949 -1.110223e-16)
(-50.895316 86.016471 5.0342871)
(-63.982113 86.020348 -1.110223e-16)
(-63.971194 85.992431 5.0214293)
(-50.908174 95.103257 5.0214293)
(-50.919507 85.998097 -1.110223e-16)
(-63.984051 95.079217 5.0342871)
(-50.897255 95.07534 -1.110223e-16)
(-63.959861 95.097591 -1.110223e-16)
(-63.669074 -51.470575 5.0342871)
(-70.941707 -51.466697 2.220446e-16)
(-70.930788 -51.494615 5.0214293)
(-63.681932 -17.999785 5.0214293)
(-63.693265 -51.488949 2.220446e-16)
(-70.943646 -18.023825 5.0342871)
(-63.671013 -18.027703 2.220446e-16)
(-70.919456 -18.005451 2.220446e-16)
(-70.313737 1.9507127 16.184888)
(-70.30986 5.5403487 2.220446e-16)
(-70.337777 5.5294297 16.17203)
(-63.665347 1.9635704 16.17203)
(-70.332111 1.9749028 2.220446e-16)
(-63.689387 5.5422875 16.184888)
(-63.693265 1.9526514 2.220446e-16)
(-63.671013 5.5180974 2.220446e-16)
(-63.075364 -93.689183 5.0304647)
(-63.082592 -84.596541 3.8571152)
(-63.083664 -93.691066 -1.110223e-16)
(-63.086072 -69.214044 5.0428722)
(-63.067888 -84.578673 4.7210738)
(-63.080561 -69.229916 -1.110223e-16)
(-63.084167 -75.300601 3.850402)
(-63.063297 -75.321801 4.7256652)
(-10.251185 -79.066705 4.7063699)
(-10.259603 -80.821328 4.709907)
(39.460742 -84.585684 4.7063699)
(39.447465 -75.309734 4.7135977)
(10.23973 -80.831338 4.7166298)
(10.259603 -79.082443 4.709907)
(10.902633 -75.330102 0)
(-39.036891 -75.329029 3.8571152)
(-39.003246 -75.30785 0)
(10.90317 -75.329029 3.8462577)
(-39.026033 -84.563969 3.8462577)
(10.889702 -84.572216 0)
(-39.012566 -84.572216 0)
(10.914027 -84.563969 3.8571152)
(-70.313737 -93.693005 5.0342871)
(-70.30986 -69.224568 -1.110223e-16)
(-70.337777 -69.235487 5.0214293)
(-70.332111 -93.668815 -1.110223e-16)
(10.252588 -80.807298 15.294636)
(-10.23973 -80.831338 15.281779)
(10.23973 -79.072432 15.281779)
(-10.252588 -79.096472 15.294636)
(39.430974 -84.587086 3.8557128)
(39.451287 -75.305911 3.8760254)
(-62.890203 52.900431 12.74303)
(-58.73692 -52.910615 12.733844)
(-62.873617 -52.900431 12.759615)
(-58.737399 52.897787 12.744142)
(-53.099606 42.614692 9.1281112)
(-43.600275 -52.89166 3.0844269)
(-53.084647 52.923598 9.1209589)
(-43.584074 42.643199 3.1125143)
(-49.136265 -52.921061 3.1450169)
(-49.142247 42.637708 3.124542)
(-56.744667 42.606333 8.0079552)
(-59.590233 -52.893286 9.8032656)
(-56.730079 52.923067 7.9813229)
(-59.591423 52.897706 9.8092724)
(-62.886475 -52.913289 9.8168256)
(-62.866163 52.913289 9.7965129)
(-56.762887 52.888596 9.1543983)
(-43.620885 72.244832 5.8219792)
(-40.712515 61.085389 5.8239694)
(-43.635936 42.632001 5.8432647)
(-56.730979 72.251273 5.8556722)
(-56.761304 75.349497 5.8342293)
(-18.609385 61.107702 5.8342293)
(-40.701657 65.881735 5.8239694)
(-18.633425 65.883137 5.847087)
(-40.72397 75.366082 5.8342293)
(-40.713051 61.119034 0)
(-18.637303 61.096783 0)
(-18.615052 65.858947 0)
(-40.718399 42.637198 0)
(-40.711112 42.636424 5.847087)
(-40.713051 75.338165 0)
(-43.644972 72.246415 9.1362298)
(-43.632114 42.616111 9.1287749)
(-56.749163 72.234274 9.1406738)
(-40.735302 65.881199 0)
(-56.73649 42.623398 0)
(-56.733386 75.360416 0)
(92.807799 133.14147 -1.7763568e-15)
(216.61081 -8.415919 1.0649537e-13)
(108.5025 -70.961153 21.924414)
(108.50601 -70.96209 -2.7711167e-13)
(279.02418 -116.32418 1.5417917e-12)
(216.58087 -8.3920386 21.903228)
(279.03916 -116.28839 21.919653)
(224.9746 -147.56192 3.6905065e-09)
(170.96024 -178.86047 1.1581847e-12)
(170.92239 -178.86626 21.903228)
(-4.2494831 -136.21306 21.904996)
(87.343632 -83.222453 5.3290705e-15)
(87.30784 -83.207463 21.919653)
(36.159424 -256.88283 21.917725)
(-4.2258064 -136.19045 5.3290705e-15)
(149.78087 -191.10078 21.903228)
(36.11886 -256.86111 5.3290705e-15)
(149.75699 -191.13072 5.3290705e-15)
(-106.64789 -149.13644 10.927614)
(-149.79876 -285.83945 10.932063)
(-186.55348 -176.0777 10.946871)
(-24.291952 -148.0809 10.949117)
(13.648029 -263.19252 10.928629)
(-24.270854 -148.10142 1.7763568e-15)
(-106.63913 -149.15405 1.7763568e-15)
(-186.5317 -176.04567 1.7763568e-15)
(-149.81671 -285.81157 1.7763568e-15)
(13.612504 -263.21816 1.7763568e-15)
(-140.62939 -136.15511 5.2000073e-10)
(-188.34958 -152.33708 47.512106)
(-92.889447 -120.01549 47.515493)
(-188.32784 -152.33845 1.631133e-08)
(-92.904305 -120.02302 0)
(-154.67721 -118.51935 27.46455)
(-154.67722 -118.51936 37.506676)
(-174.93526 -125.37682 27.46455)
(-154.67721 -118.51934 17.422424)
(-174.93525 -125.37682 17.422424)
(-134.41915 -111.66187 27.46455)
(-134.41915 -111.66187 37.506676)
(-134.41915 -111.66186 17.422424)
(-174.93528 -125.37683 37.506676)
(-195.18033 -132.22607 47.53382)
(-114.14894 -104.78174 47.509159)
(-195.15995 -132.20064 7.3591113)
(-114.14948 -104.79729 7.366282)
(-114.15372 -32.785415 7.3248188)
(-92.900938 -32.799285 7.3664279)
(-114.15551 -32.823441 47.522854)
(-245.58315 16.702236 7.3388663)
(-92.879779 86.743546 0)
(-92.861765 86.771625 7.3243711)
(-92.871407 -32.797493 47.496906)
(-245.5569 16.725941 1.5675843e-08)
(-190.66973 101.70705 10.94844)
(-174.08116 73.247905 -8.8817842e-16)
(-174.0509 73.280687 10.928367)
(-233.99471 87.115003 10.936083)
(-190.64137 101.6914 -8.8817842e-16)
(-257.89098 45.203478 10.936224)
(-233.97612 87.115299 -8.8817842e-16)
(-257.93243 45.267706 -8.8817842e-16)
(-28.674975 163.52947 9.3980013)
(-170.26845 81.211631 9.422802)
(-215.62161 160.22168 9.4064274)
(-39.448938 182.97176 9.4273563)
(-131.98903 208.18827 9.411833)
(-28.706624 163.50551 0)
(-39.437672 182.95821 0)
(-131.97187 208.17863 0)
(-215.59762 160.25152 0)
(-170.30441 81.226722 0)
(92.80732 133.1421 18.247475)
(166.26812 112.5016 -1.7763568e-15)
(166.25791 112.51354 18.266834)
(217.05387 35.216728 18.245627)
(92.807928 -46.375315 -1.7763568e-15)
(92.798531 -46.392726 18.241917)
(217.03171 35.185495 -1.7763568e-15)
(63.846239 52.245316 18.690842)
(64.355558 52.260622 15.66932)
(68.801398 52.258356 17.969155)
(46.083861 52.255878 18.33628)
(46.108031 52.269654 21.300504)
(68.846533 52.26576 21.279226)
(46.076786 -52.279557 21.273494)
(63.854068 -52.255219 18.692166)
(46.101428 -52.265781 18.31596)
(64.366576 -52.270525 15.671184)
(68.800933 -52.275663 21.306891)
(68.811781 -52.268259 17.986271)
(62.885602 -52.891229 12.733828)
(58.734274 52.89746 12.72483)
(62.864415 52.891229 12.755014)
(58.744003 -52.89746 12.727673)
(43.843845 52.880024 3.2320546)
(43.829422 -52.880024 3.281418)
(49.375895 52.912838 3.3094378)
(49.364716 -52.912838 3.3061716)
(59.587222 52.882102 9.8107742)
(59.594154 -52.882102 9.8127995)
(62.88084 52.907654 9.828096)
(62.854892 -52.907654 9.8021482)
(-63.678833 52.245316 19.728402)
(-64.191344 52.260622 16.707419)
(-45.812182 52.255878 19.368862)
(-68.349844 52.258356 18.873184)
(-68.338996 52.26576 22.193804)
(-45.78754 52.269654 22.326395)
(-63.671003 -52.255219 19.727078)
(-68.339461 -52.268259 18.856068)
(-68.384596 -52.275663 22.16614)
(-64.180326 -52.270525 16.705556)
(-45.818785 -52.279557 22.353405)
(-45.794616 -52.265781 19.389183)
(-34.233152 113.30638 0)
(-34.247628 72.004783 5.9266272)
(-34.261576 72.040446 0)
(34.416884 113.27795 2.220446e-16)
(-34.264053 113.2829 5.943052)
(34.38846 72.012021 2.220446e-16)
(34.402936 113.31361 5.9266272)
(34.419361 72.035493 5.943052)
(63.860333 18.009148 5.0286519)
(63.865286 51.482775 0)
(63.829624 51.468827 5.0122271)
(71.102456 18.025573 5.0122271)
(63.836862 18.040049 0)
(71.071746 51.485252 5.0286519)
(71.066793 18.011625 0)
(71.095218 51.454351 0)
(63.860333 -51.485252 5.0286519)
(63.865286 -18.011625 0)
(63.829624 -18.025573 5.0122271)
(71.102456 -51.468827 5.0122271)
(63.836862 -51.454351 0)
(71.071746 -18.009148 5.0286519)
(71.066793 -51.482775 0)
(71.095218 -18.040049 -1.110223e-16)
(-63.67471 18.035096 5.0286519)
(-70.935534 18.040049 -1.110223e-16)
(-70.921586 18.004386 5.0122271)
(-63.691134 51.490014 5.0122271)
(-63.705611 18.011625 -1.110223e-16)
(-70.938011 51.459304 5.0286519)
(-63.677186 51.454351 -1.110223e-16)
(-70.90711 51.482775 -1.110223e-16)
(-50.900952 86.027741 5.0286519)
(-63.97594 86.032694 -1.110223e-16)
(-63.961991 85.997032 5.0122271)
(-50.917376 95.098656 5.0122271)
(-50.931853 86.00427 -1.110223e-16)
(-63.978416 95.067947 5.0286519)
(-50.903428 95.062994 -1.110223e-16)
(-63.947515 95.091418 -1.110223e-16)
(-63.67471 -51.459304 5.0286519)
(-70.935534 -51.454351 2.220446e-16)
(-70.921586 -51.490014 5.0122271)
(-63.691134 -18.004386 5.0122271)
(-63.705611 -51.482775 2.220446e-16)
(-70.938011 -18.035096 5.0286519)
(-63.677186 -18.040049 2.220446e-16)
(-70.90711 -18.011625 2.220446e-16)
(-70.302467 1.9563479 16.179252)
(-70.297514 5.5341757 2.220446e-16)
(-70.333176 5.5202275 16.162828)
(-63.669948 1.9727727 16.162828)
(-70.325938 1.9872489 2.220446e-16)
(-63.700657 5.5366523 16.179252)
(-63.705611 1.9588245 2.220446e-16)
(-63.677186 5.5057512 2.220446e-16)
(-63.085408 -93.682487 5.0237691)
(-63.094641 -84.593529 3.8631395)
(-63.096011 -93.684893 -1.110223e-16)
(-63.099086 -69.217297 5.0396188)
(-63.075858 -84.570703 4.7131044)
(-63.092046 -69.237572 -1.110223e-16)
(-63.096653 -75.304763 3.8545639)
(-63.069992 -75.331845 4.7189696)
(-10.245161 -79.069717 4.6943213)
(-10.255914 -80.81395 4.6988396)
(39.45773 -84.57966 4.6943213)
(39.440769 -75.316429 4.7035542)
(10.230528 -80.826737 4.7074275)
(10.255914 -79.089821 4.6988396)
(10.89646 -75.342448 0)
(-39.033879 -75.341078 3.8631395)
(-38.9909 -75.314023 0)
(10.897145 -75.341078 3.8492698)
(-39.020009 -84.55192 3.8492698)
(10.879942 -84.562456 0)
(-39.002806 -84.562456 0)
(10.911015 -84.55192 3.8631395)
(-70.302467 -93.68737 5.0286519)
(-70.297514 -69.230741 -1.110223e-16)
(-70.333176 -69.244689 5.0122271)
(-70.325938 -93.656469 -1.110223e-16)
(10.246953 -80.796028 15.289001)
(-10.230528 -80.826737 15.272576)
(10.230528 -79.077034 15.272576)
(-10.246953 -79.107743 15.289001)
(39.419704 -84.581451 3.861348)
(39.445652 -75.311547 3.8872958)
(-62.885602 52.891229 12.733828)
(-58.740354 -52.904238 12.722093)
(-62.864415 -52.891229 12.755014)
(-58.740966 52.887852 12.735248)
(-53.10525 42.619933 9.1166567)
(-43.60654 -52.880024 3.0804395)
(-53.086141 52.920823 9.1075202)
(-43.585844 42.656349 3.116319)
(-49.132519 -52.917582 3.1578386)
(-49.140161 42.649335 3.1316834)
(-56.735451 42.609256 8.0178065)
(-59.587222 -52.882102 9.8107742)
(-56.716815 52.920144 7.9837857)
(-59.588742 52.887748 9.8184474)
(-62.88084 -52.907654 9.828096)
(-62.854892 52.907654 9.8021482)
(-56.758725 52.87611 9.1502364)
(-43.623405 72.239792 5.8093785)
(-40.718539 61.088401 5.8119208)
(-43.642632 42.642044 5.836569)
(-56.717965 72.248019 5.8524187)
(-56.756703 75.340295 5.825027)
(-18.613986 61.116904 5.825027)
(-40.704669 65.875711 5.8119208)
(-18.644696 65.877502 5.8414518)
(-40.733172 75.361481 5.825027)
(-40.719224 61.13138 0)
(-18.649649 61.102956 0)
(-18.621225 65.846601 0)
(-40.726056 42.648683 0)
(-40.716748 42.647694 5.8414518)
(-40.719224 75.325819 0)
(-43.654174 72.241814 9.1270275)
(-43.637749 42.621746 9.1175045)
(-56.741193 72.226305 9.1327044)
(-40.747649 65.875026 0)
(-56.725005 42.631055 0)
(-56.72104 75.354243 0)
(92.816137 133.13047 -1.7763568e-15)
(216.61181 -8.4324523 1.0649537e-13)
(108.51759 -70.965179 21.918893)
(108.52202 -70.966361 -2.7711167e-13)
(279.00764 -116.32519 1.5417917e-12)
(216.57408 -8.4023485 21.892185)
(279.02654 -116.28007 21.91289)
(224.96631 -147.54758 4.6519354e-09)
(170.96936 -178.84664 1.1581847e-12)
(170.92164 -178.85393 21.892185)
(-4.2391656 -136.22054 21.894415)
(87.344641 -83.238986 5.3290705e-15)
(87.299521 -83.22009 21.91289)
(36.169564 -256.87193 21.91046)
(-4.2093185 -136.19203 5.3290705e-15)
(149.77056 -191.09399 21.892185)
(36.118428 -256.84456 5.3290705e-15)
(149.74046 -191.13173 5.3290705e-15)
(-106.64654 -149.14801 10.915838)
(-149.78942 -285.83083 10.921447)
(-186.54276 -176.08836 10.940113)
(-24.303599 -148.09093 10.942945)
(13.640983 -263.18292 10.917118)
(-24.277002 -148.1168 1.7763568e-15)
(-106.63549 -149.17021 1.7763568e-15)
(-186.5153 -176.04799 1.7763568e-15)
(-149.81205 -285.79567 1.7763568e-15)
(13.5962 -263.21523 1.7763568e-15)
(-140.6347 -136.13942 6.5551782e-10)
(-188.34359 -152.32496 47.502542)
(-92.900911 -120.00726 47.506813)
(-188.31618 -152.32669 2.0562217e-08)
(-92.919641 -120.01676 0)
(-154.6719 -118.53504 27.46455)
(-154.67191 -118.53505 37.506676)
(-174.92995 -125.39251 27.46455)
(-154.6719 -118.53503 17.422424)
(-174.92994 -125.39251 17.422424)
(-134.41384 -111.67756 27.46455)
(-134.41384 -111.67756 37.506676)
(-134.41384 -111.67755 17.422424)
(-174.92997 -125.39252 37.506676)
(-195.17162 -132.23962 47.529916)
(-114.14046 -104.79152 47.498828)
(-195.14595 -132.20756 7.3535899)
(-114.14114 -104.81113 7.3626294)
(-114.14649 -32.78903 7.3103605)
(-92.915396 -32.806514 7.3628134)
(-114.14875 -32.836966 47.516091)
(-245.57353 16.694152 7.3280689)
(-92.888723 86.729605 0)
(-92.866015 86.765001 7.3097961)
(-92.878169 -32.804256 47.483381)
(-245.54045 16.724035 1.9761116e-08)
(-190.67867 101.69464 10.942092)
(-174.09771 73.247428 -8.8817842e-16)
(-174.05957 73.288753 10.916787)
(-233.98751 87.103564 10.926514)
(-190.64293 101.67491 -8.8817842e-16)
(-257.87743 45.203076 10.926691)
(-233.96407 87.103937 -8.8817842e-16)
(-257.92969 45.284042 -8.8817842e-16)
(-28.683274 163.53497 9.3847627)
(-170.2601 81.224231 9.4160266)
(-215.61133 160.21485 9.3953847)
(-39.460193 182.96097 9.4217679)
(-131.98917 208.1748 9.402199)
(-28.723171 163.50476 0)
(-39.445991 182.94388 0)
(-131.96754 208.16265 0)
(-215.58108 160.25247 0)
(-170.30544 81.243255 0)
(92.815029 133.13193 18.236914)
(166.26007 112.48713 -1.7763568e-15)
(166.2472 112.50217 18.261317)
(217.04319 35.222929 18.234585)
(92.815795 -46.360738 -1.7763568e-15)
(92.803949 -46.382687 18.229908)
(217.01526 35.183556 -1.7763568e-15)
(63.84682 52.23186 18.6812)
(64.351869 52.251154 15.682402)
(68.789016 52.248297 17.973616)
(46.090761 52.245174 18.346872)
(46.12123 52.26254 21.293465)
(68.845914 52.257631 21.264807)
(46.081842 -52.272443 21.259416)
(63.85669 -52.241763 18.68287)
(46.112906 -52.255077 18.321256)
(64.365758 -52.261057 15.684751)
(68.78843 -52.267534 21.299681)
(68.802106 -52.2582 17.995192)
(62.88008 -52.880186 12.722785)
(58.736809 52.888041 12.711443)
(62.853372 52.880186 12.749493)
(58.749074 -52.888041 12.715027)
(43.851362 52.866061 3.2272697)
(43.83318 -52.866061 3.2894976)
(49.372981 52.907427 3.3248197)
(49.358889 -52.907427 3.3207023)
(59.583609 52.868681 9.8197845)
(59.592347 -52.868681 9.8223377)
(62.874078 52.900891 9.8416205)
(62.841368 -52.900891 9.8089104)
(-63.681454 52.23186 19.719105)
(-64.190527 52.251154 16.720986)
(-45.82366 52.245174 19.374158)
(-68.340169 52.248297 18.882105)
(-68.326494 52.257631 22.186594)
(-45.792597 52.26254 22.312316)
(-63.671584 -52.241763 19.717436)
(-68.327079 -52.2582 18.860529)
(-68.383977 -52.267534 22.151721)
(-64.176637 -52.261057 16.718638)
(-45.831984 -52.272443 22.346366)
(-45.801516 -52.255077 19.399774)
(-34.218337 113.29897 0)
(-34.236586 72.010305 5.9155845)
(-34.254169 72.055261 0)
(34.409477 113.26314 2.220446e-16)
(-34.257291 113.26938 5.9362897)
(34.373644 72.019429 2.220446e-16)
(34.391893 113.30809 5.9155845)
(34.412599 72.049017 5.9362897)
(63.873858 18.01591 5.0218896)
(63.880102 51.475368 0)
(63.835145 51.457785 5.0011844)
(71.096934 18.036615 5.0011844)
(63.844269 18.054864 0)
(71.058222 51.47849 5.0218896)
(71.051978 18.019032 0)
(71.08781 51.439536 0)
(63.873858 -51.47849 5.0218896)
(63.880102 -18.019032 0)
(63.835145 -18.036615 5.0011844)
(71.096934 -51.457785 5.0011844)
(63.844269 -51.439536 0)
(71.058222 -18.01591 5.0218896)
(71.051978 -51.475368 0)
(71.08781 -18.054864 -1.110223e-16)
(-63.681472 18.04862 5.0218896)
(-70.928127 18.054864 -1.110223e-16)
(-70.910543 18.009908 5.0011844)
(-63.702177 51.484492 5.0011844)
(-63.720426 18.019032 -1.110223e-16)
(-70.931249 51.44578 5.0218896)
(-63.684594 51.439536 -1.110223e-16)
(-70.892294 51.475368 -1.110223e-16)
(-50.907714 86.041266 5.0218896)
(-63.968532 86.04751 -1.110223e-16)
(-63.950949 86.002553 5.0011844)
(-50.928419 95.093135 5.0011844)
(-50.946668 86.011677 -1.110223e-16)
(-63.971654 95.054422 5.0218896)
(-50.910836 95.048178 -1.110223e-16)
(-63.9327 95.08401 -1.110223e-16)
(-63.681472 -51.44578 5.0218896)
(-70.928127 -51.439536 2.220446e-16)
(-70.910543 -51.484492 5.0011844)
(-63.702177 -18.009908 5.0011844)
(-63.720426 -51.475368 2.220446e-16)
(-70.931249 -18.04862 5.0218896)
(-63.684594 -18.054864 2.220446e-16)
(-70.892294 -18.019032 2.220446e-16)
(-70.288942 1.9631101 16.17249)
(-70.282698 5.526768 2.220446e-16)
(-70.327655 5.5091847 16.151785)
(-63.675469 1.9838154 16.151785)
(-70.31853 2.0020643 2.220446e-16)
(-63.714182 5.52989 16.17249)
(-63.720426 1.9662322 2.220446e-16)
(-63.684594 5.4909359 2.220446e-16)
(-63.09746 -93.674452 5.0157343)
(-63.109099 -84.589915 3.8703687)
(-63.110826 -93.677486 -1.110223e-16)
(-63.114702 -69.221201 5.0357146)
(-63.085421 -84.56114 4.7035411)
(-63.105828 -69.246761 -1.110223e-16)
(-63.111636 -75.309757 3.8595581)
(-63.078027 -75.343897 4.7109348)
(-10.237932 -79.073331 4.679863)
(-10.251487 -80.805096 4.6855588)
(39.454115 -84.57243 4.679863)
(39.432734 -75.324464 4.6915021)
(10.219485 -80.821216 4.6963848)
(10.251487 -79.098675 4.6855588)
(10.889053 -75.357263 0)
(-39.030264 -75.355536 3.8703687)
(-38.976084 -75.321431 0)
(10.889916 -75.355536 3.8528844)
(-39.01278 -84.537462 3.8528844)
(10.868229 -84.550743 0)
(-38.991093 -84.550743 0)
(10.907401 -84.537462 3.8703687)
(-70.288942 -93.680608 5.0218896)
(-70.282698 -69.238148 -1.110223e-16)
(-70.327655 -69.255732 5.0011844)
(-70.31853 -93.641654 -1.110223e-16)
(10.24019 -80.782503 15.282239)
(-10.219485 -80.821216 15.261534)
(10.219485 -79.082555 15.261534)
(-10.24019 -79.121267 15.282239)
(39.406179 -84.574689 3.8681102)
(39.438889 -75.318309 3.9008203)
(-62.88008 52.880186 12.722785)
(-58.744474 -52.896586 12.707992)
(-62.853372 -52.880186 12.749493)
(-58.745245 52.875929 12.724576)
(-53.112023 42.626223 9.1029112)
(-43.614058 -52.866061 3.0756546)
(-53.087934 52.917493 9.0913936)
(-43.587968 42.672129 3.1208846)
(-49.128023 -52.913407 3.1732246)
(-49.137657 42.663287 3.1402532)
(-56.724391 42.612763 8.029628)
(-59.583609 -52.868681 9.8197845)
(-56.700899 52.916637 7.9867411)
(-59.585525 52.875798 9.8294574)
(-62.874078 -52.900891 9.8416205)
(-62.841368 52.900891 9.8089104)
(-56.753731 52.861127 9.1452422)
(-43.62643 72.233744 5.7942576)
(-40.725768 61.092016 5.7974625)
(-43.650667 42.654097 5.8285343)
(-56.702348 72.244115 5.8485145)
(-56.751182 75.329252 5.8139843)
(-18.619508 61.127947 5.8139843)
(-40.708284 65.868481 5.7974625)
(-18.65822 65.87074 5.8346896)
(-40.744215 75.35596 5.8139843)
(-40.726632 61.146196 0)
(-18.664464 61.110364 0)
(-18.628632 65.831786 0)
(-40.735244 42.662465 0)
(-40.72351 42.661219 5.8346896)
(-40.726632 75.311003 0)
(-43.665217 72.236293 9.1159848)
(-43.644511 42.628509 9.10398)
(-56.73163 72.216741 9.1231411)
(-40.762464 65.867618 0)
(-56.711223 42.640243 0)
(-56.706225 75.346835 0)
(92.826144 133.11727 -1.7763568e-15)
(216.61303 -8.4522923 1.0649537e-13)
(108.5357 -70.970011 21.912267)
(108.54122 -70.971486 -2.7711167e-13)
(278.9878 -116.3264 1.5417917e-12)
(216.56593 -8.4147203 21.878934)
(279.01139 -116.27009 21.904776)
(224.95635 -147.53038 5.8056501e-09)
(170.98029 -178.83004 1.1581847e-12)
(170.92074 -178.83915 21.878934)
(-4.2267846 -136.22951 21.881717)
(87.345852 -83.258826 5.3290705e-15)
(87.289538 -83.235243 21.904776)
(36.181731 -256.85885 21.901743)
(-4.189533 -136.19394 5.3290705e-15)
(149.75819 -191.08584 21.878934)
(36.117909 -256.82469 5.3290705e-15)
(149.72062 -191.13294 5.3290705e-15)
(-106.64491 -149.16189 10.901706)
(-149.77821 -285.82047 10.908707)
(-186.52989 -176.10116 10.932004)
(-24.317574 -148.10297 10.935539)
(13.632528 -263.1714 10.903304)
(-24.28438 -148.13526 1.7763568e-15)
(-106.63113 -149.1896 1.7763568e-15)
(-186.49562 -176.05077 1.7763568e-15)
(-149.80646 -285.7766 1.7763568e-15)
(13.576635 -263.21173 1.7763568e-15)
(-140.64107 -136.1206 8.1813833e-10)
(-188.3364 -152.31041 47.491066)
(-92.914667 -119.9974 47.496396)
(-188.30219 -152.31257 2.566328e-08)
(-92.938044 -120.00925 0)
(-154.66552 -118.55386 27.46455)
(-154.66554 -118.55387 37.506676)
(-174.92358 -125.41134 27.46455)
(-154.66552 -118.55386 17.422424)
(-174.92356 -125.41134 17.422424)
(-134.40747 -111.69639 27.46455)
(-134.40747 -111.69639 37.506676)
(-134.40747 -111.69638 17.422424)
(-174.92359 -125.41135 37.506676)
(-195.16117 -132.25586 47.525231)
(-114.13029 -104.80326 47.486431)
(-195.12915 -132.21586 7.3469643)
(-114.13114 -104.82773 7.3582463)
(-114.13781 -32.793367 7.2930105)
(-92.932746 -32.815189 7.3584759)
(-114.14063 -32.853195 47.507977)
(-245.562 16.684452 7.315112)
(-92.899456 86.712875 0)
(-92.871115 86.757052 7.2923061)
(-92.886284 -32.81237 47.467152)
(-245.5207 16.721748 2.4663443e-08)
(-190.68941 101.67974 10.934473)
(-174.11758 73.246857 -8.8817842e-16)
(-174.06998 73.298433 10.902891)
(-233.97886 87.089837 10.915031)
(-190.64479 101.65512 -8.8817842e-16)
(-257.86119 45.202594 10.915253)
(-233.9496 87.090303 -8.8817842e-16)
(-257.92641 45.303646 -8.8817842e-16)
(-28.693233 163.54157 9.3688763)
(-170.25008 81.23935 9.4078962)
(-215.59899 160.20665 9.3821334)
(-39.473699 182.94802 9.4150618)
(-131.98933 208.15863 9.3906382)
(-28.743028 163.50387 0)
(-39.455974 182.9267 0)
(-131.96233 208.14346 0)
(-215.56123 160.2536 0)
(-170.30666 81.263094 0)
(92.824279 133.11973 18.22424)
(166.25041 112.46976 -1.7763568e-15)
(166.23434 112.48853 18.254698)
(217.03038 35.230369 18.221333)
(92.825235 -46.343246 -1.7763568e-15)
(92.810451 -46.37064 18.215496)
(216.99552 35.181229 -1.7763568e-15)
(63.847517 52.215712 18.669631)
(64.347442 52.239792 15.698099)
(68.774158 52.236227 17.978968)
(46.099041 52.232329 18.359582)
(46.137069 52.254004 21.285018)
(68.845171 52.247877 21.247505)
(46.08791 -52.263907 21.242522)
(63.859836 -52.225615 18.671714)
(46.12668 -52.242232 18.32761)
(64.364777 -52.249695 15.701031)
(68.773427 -52.25778 21.29103)
(68.790495 -52.24613 18.005897)
(62.873455 -52.866935 12.709534)
(58.739852 52.876738 12.695378)
(62.840121 52.866935 12.742867)
(58.75516 -52.876738 12.699851)
(43.860383 52.849306 3.2215278)
(43.837691 -52.849306 3.2991932)
(49.369486 52.900934 3.343278)
(49.351897 -52.900934 3.3381391)
(59.579273 52.852575 9.8305968)
(59.59018 -52.852575 9.8337834)
(62.865963 52.892777 9.85785)
(62.825138 -52.892777 9.8170251)
(-63.6846 52.215712 19.70795)
(-64.189546 52.239792 16.737267)
(-45.837434 52.232329 19.380513)
(-68.328558 52.236227 18.89281)
(-68.31149 52.247877 22.177943)
(-45.798664 52.254004 22.295423)
(-63.672281 -52.225615 19.705867)
(-68.312221 -52.24613 18.865881)
(-68.383234 -52.25778 22.134418)
(-64.17221 -52.249695 16.734335)
(-45.847823 -52.263907 22.337919)
(-45.809796 -52.242232 19.412484)
(-34.200558 113.29008 0)
(-34.223334 72.01693 5.9023332)
(-34.24528 72.07304 0)
(34.400587 113.24536 2.220446e-16)
(-34.249176 113.25315 5.928175)
(34.355866 72.028318 2.220446e-16)
(34.378642 113.30147 5.9023332)
(34.404484 72.065246 5.928175)
(63.890087 18.024025 5.0137749)
(63.89788 51.466479 0)
(63.841771 51.444533 4.9879331)
(71.090309 18.049867 4.9879331)
(63.853159 18.072643 0)
(71.041992 51.470375 5.0137749)
(71.034199 18.027921 0)
(71.078921 51.421757 0)
(63.890087 -51.470375 5.0137749)
(63.89788 -18.027921 0)
(63.841771 -18.049867 4.9879331)
(71.090309 -51.444533 4.9879331)
(63.853159 -51.421757 0)
(71.041992 -18.024025 5.0137749)
(71.034199 -51.466479 0)
(71.078921 -18.072643 -1.110223e-16)
(-63.689587 18.06485 5.0137749)
(-70.919237 18.072643 -1.110223e-16)
(-70.897292 18.016533 4.9879331)
(-63.715428 51.477867 4.9879331)
(-63.738204 18.027921 -1.110223e-16)
(-70.923134 51.42955 5.0137749)
(-63.693483 51.421757 -1.110223e-16)
(-70.874516 51.466479 -1.110223e-16)
(-50.915829 86.057495 5.0137749)
(-63.959643 86.065288 -1.110223e-16)
(-63.937697 86.009179 4.9879331)
(-50.94167 95.086509 4.9879331)
(-50.964447 86.020567 -1.110223e-16)
(-63.963539 95.038193 5.0137749)
(-50.919725 95.0304 -1.110223e-16)
(-63.914921 95.075121 -1.110223e-16)
(-63.689587 -51.42955 5.0137749)
(-70.919237 -51.421757 2.220446e-16)
(-70.897292 -51.477867 4.9879331)
(-63.715428 -18.016533 4.9879331)
(-63.738204 -51.466479 2.220446e-16)
(-70.923134 -18.06485 5.0137749)
(-63.693483 -18.072643 2.220446e-16)
(-70.874516 -18.027921 2.220446e-16)
(-70.272713 1.9712248 16.164375)
(-70.26492 5.5178788 2.220446e-16)
(-70.321029 5.4959335 16.138534)
(-63.682095 1.9970667 16.138534)
(-70.309641 2.0198427 2.220446e-16)
(-63.730411 5.5217753 16.164375)
(-63.738204 1.9751214 2.220446e-16)
(-63.693483 5.4731574 2.220446e-16)
(-63.111922 -93.664811 5.0060926)
(-63.126449 -84.585577 3.8790437)
(-63.128604 -93.668597 -1.110223e-16)
(-63.133443 -69.225887 5.0310295)
(-63.096897 -84.549664 4.6920652)
(-63.122367 -69.257786 -1.110223e-16)
(-63.129615 -75.31575 3.8655512)
(-63.087669 -75.358359 4.7012931)
(-10.229257 -79.077669 4.662513)
(-10.246174 -80.794471 4.6696218)
(39.449778 -84.563755 4.662513)
(39.423092 -75.334106 4.6770395)
(10.206234 -80.81459 4.6831335)
(10.246174 -79.109299 4.6696218)
(10.880163 -75.375041 0)
(-39.025927 -75.372886 3.8790437)
(-38.958306 -75.33032 0)
(10.881241 -75.372886 3.8572219)
(-39.004105 -84.520112 3.8572219)
(10.854174 -84.536688 0)
(-38.977038 -84.536688 0)
(10.903063 -84.520112 3.8790437)
(-70.272713 -93.672493 5.0137749)
(-70.26492 -69.247038 -1.110223e-16)
(-70.321029 -69.268983 4.9879331)
(-70.309641 -93.623875 -1.110223e-16)
(10.232076 -80.766274 15.274124)
(-10.206234 -80.81459 15.248282)
(10.206234 -79.089181 15.248282)
(-10.232076 -79.137497 15.274124)
(39.38995 -84.566574 3.8762249)
(39.430775 -75.326424 3.9170498)
(-62.873455 52.866935 12.709534)
(-58.749418 -52.887403 12.691071)
(-62.840121 -52.866935 12.742867)
(-58.75038 52.861621 12.711769)
(-53.12015 42.633771 9.0864167)
(-43.623079 -52.849306 3.0699127)
(-53.090086 52.913497 9.0720418)
(-43.590517 42.691066 3.1263634)
(-49.122629 -52.908397 3.1916878)
(-49.134652 42.680029 3.1505369)
(-56.711119 42.616971 8.0438138)
(-59.579273 -52.852575 9.8305968)
(-56.681799 52.912429 7.9902876)
(-59.581665 52.861458 9.8426694)
(-62.865963 -52.892777 9.85785)
(-62.825138 52.892777 9.8170251)
(-56.747738 52.843148 9.1392491)
(-43.630059 72.226486 5.7761126)
(-40.734443 61.096353 5.7801125)
(-43.660308 42.668559 5.8188926)
(-56.683608 72.23943 5.8438295)
(-56.744556 75.316001 5.800733)
(-18.626133 61.141198 5.800733)
(-40.712622 65.859806 5.7801125)
(-18.67445 65.862625 5.8265749)
(-40.757466 75.349334 5.800733)
(-40.735521 61.163974 0)
(-18.682243 61.119253 0)
(-18.637521 65.814007 0)
(-40.74627 42.679004 0)
(-40.731625 42.677448 5.8265749)
(-40.735521 75.293225 0)
(-43.678468 72.229667 9.1027335)
(-43.652626 42.636623 9.0877506)
(-56.720154 72.205265 9.1116652)
(-40.780242 65.858729 0)
(-56.694684 42.651269 0)
(-56.688447 75.337946 0)
(92.838152 133.10143 -1.7763568e-15)
)


// ************************************************************************* //
