/*--------------------------------*- C++ -*----------------------------------*\
  =========                 |
  \\      /  F ield         | OpenFOAM: The Open Source CFD Toolbox
   \\    /   O peration     | Website:  https://openfoam.org
    \\  /    A nd           | Version:  8
     \\/     M anipulation  |
\*---------------------------------------------------------------------------*/
FoamFile
{
    version     2.0;
    format      ascii;
    class       scalarListList;
    location    "constant/vegetation";
    object      skyViewCoeff;
}
// * * * * * * * * * * * * * * * * * * * * * * * * * * * * * * * * * * * * * //


3
(

2023
(
0
0
0
0
0
0
0
0
0
0
0
0
0
0
0
0
0
0
0
0
0
0
0
0
0
0
0
0
111
111
111
111
111
111
111
111
111
111
111
111
111
111
111
111
111
111
111
111
111
111
111
111
111
111
111
111
111
111
111
111
111
111
111
111
111
111
111
111
111
111
111
111
111
111
111
111
111
111
111
111
111
111
111
111
111
111
111
111
111
111
111
111
111
111
111
111
111
111
111
111
111
111
111
111
111
111
111
111
111
111
111
111
111
111
111
111
111
111
111
111
111
111
111
111
111
111
111
111
111
111
111
111
111
111
111
111
111
111
111
111
111
111
111
111
111
111
111
111
111
111
111
111
111
111
111
111
111
111
111
111
111
111
111
111
111
111
111
111
111
111
111
111
111
111
111
111
111
111
111
111
111
111
111
111
111
111
111
111
111
111
111
111
111
111
111
111
111
111
111
111
111
111
111
111
111
111
111
111
111
111
111
111
111
111
111
111
111
111
111
111
111
111
111
111
111
111
111
111
111
111
111
111
111
111
111
111
111
111
111
111
111
111
111
111
111
111
111
111
111
111
111
111
111
111
111
111
111
111
111
111
111
111
111
111
111
111
111
111
111
111
111
111
111
111
111
111
111
111
111
111
111
111
111
111
111
111
111
111
111
111
111
111
111
111
111
111
111
111
111
111
111
111
111
111
111
111
111
111
111
111
111
111
111
111
111
111
111
111
111
111
111
111
111
111
111
111
111
111
111
111
111
111
111
111
111
111
111
111
111
111
111
111
111
111
111
111
111
111
111
111
111
111
111
111
111
111
111
111
111
111
111
111
111
111
111
111
111
111
111
111
111
111
111
111
111
111
111
111
111
111
111
111
111
111
111
111
111
111
111
111
111
111
111
111
111
111
111
111
111
111
111
111
111
111
111
111
111
111
111
111
111
111
111
111
111
111
111
111
111
111
111
111
111
111
111
111
111
111
111
111
111
111
111
111
111
111
111
111
111
111
111
111
111
111
111
111
111
111
111
111
111
111
111
111
111
111
111
111
111
111
111
111
111
111
111
111
111
111
111
111
111
111
111
111
111
111
111
111
111
111
111
111
111
111
111
111
111
111
111
111
111
111
111
111
111
111
111
111
111
111
111
111
111
111
111
111
111
111
111
111
111
111
111
111
111
111
111
111
111
111
111
111
111
111
111
111
111
111
111
111
111
111
111
111
111
111
111
111
111
111
111
111
111
111
111
111
111
111
111
111
111
111
111
111
111
111
111
0
0
0
0
0
0
0
0
0
0
0
0
0
0
0
0
0
0
0
0
0
0
0
0
0
0
0
0
0
0
0
0
0
0
0
0
0
0
0
0
0
0
0
0
0
0
0
0
0
0
0
0
0
0
0
0
0
0
0
0
0
0
0
75.79195
89.580804
65.665302
67.85886
61.09155
55.903017
60.668047
70.389783
103.39536
96.671743
69.368597
63.120032
59.659659
98.182361
98.052812
76.238852
81.268987
96.604442
100.28559
97.222932
96.34904
62.46708
78.636099
55.500867
55.500445
55.500001
55.5
55.50002
55.500003
55.500001
55.5
55.500003
55.500002
55.50001
55.500002
55.500002
55.500004
55.500006
55.500011
55.500003
55.50007
55.500001
55.5
55.500009
55.500001
55.500002
55.5
55.5
55.5
55.5
55.511097
55.500001
55.5
110.99984
55.5
55.500002
55.500002
55.5
55.5
55.5
55.5
55.500002
55.5
55.5
55.5
55.500001
55.500001
55.500001
55.5
55.5
55.529454
55.524154
55.500003
55.5
55.5
55.5
55.5
55.5
55.5
55.5
55.5
55.5
55.508807
55.500001
55.500004
55.500003
55.5
55.500002
55.5
55.500002
55.5
55.500003
55.500002
55.500001
55.500237
55.5
55.500002
55.500001
55.500002
55.500001
55.501246
55.500005
55.5
55.5
55.500005
55.500016
110.99855
111
111
55.500001
110.96815
111
111
55.513661
111
111
111
110.99996
55.5
111
111
111
111
111
55.500762
111
111
55.500001
111
111
111
111
111
111
111
111
55.500002
111
111
111
111
111
111
111
111
111
111
111
111
111
111
111
111
111
55.500001
111
111
111
111
111
111
111
111
111
111
111
111
111
111
111
111
111
111
111
111
111
111
111
111
55.500006
110.99335
111
111
111
111
111
111
111
111
111
111
111
111
111
111
111
111
111
111
111
111
111
111
111
111
111
111
111
111
111
111
111
111
111
111
111
111
111
111
55.5
111
111
111
111
111
111
111
55.583065
111
111
111
111
110.99447
111
111
111
111
111
111
111
111
111
111
111
111
111
111
111
55.5
55.500001
55.500004
55.533938
55.500002
55.5
55.5
55.5
55.5
55.504284
55.500004
55.500006
55.500001
55.500015
55.500003
55.50001
55.500002
55.5
105.87215
105.87215
105.87215
105.87215
105.87215
105.87215
105.87264
105.87216
105.87215
105.87216
105.87216
55.500002
55.5
55.500003
55.500006
55.50002
55.500008
55.500014
55.500012
55.500009
57.504218
111
111
111
111
111
111
111
111
111
55.500025
55.500001
111
111
111
111
111
111
111
111
111
111
111
111
111
111
55.500032
111
111
111
111
111
111
111
111
111
111
111
55.500001
55.500005
111
111
111
111
111
111
55.500008
55.500001
111
111
111
111
111
111
111
111
111
111
111
111
111
111
111
111
55.500003
55.5
111
111
111
111
111
111
111
111
111
111
111
111
111
111
111
55.500007
111
111
111
111
111
111
111
55.500015
111
111
111
111
55.500001
55.500001
111
111
111
111
55.5
111
111
111
55.5
55.500005
55.736039
55.5
110.98924
110.96312
55.500003
55.5
90.935233
90.913352
90.912258
90.909114
90.912259
90.912257
90.912258
90.912254
90.920844
66.948596
55.5
55.500081
55.500069
55.5
55.502579
55.5
55.5
55.500004
55.500005
55.500003
110.99385
90.903793
90.912258
111
90.912257
111
90.912258
90.912259
55.500003
55.500001
55.500004
90.911303
90.912256
90.912256
90.912256
55.500003
111
55.526106
55.500001
55.5
55.5
55.500007
55.500002
55.500002
55.50001
55.500007
55.500001
55.500004
55.500001
55.500006
55.500002
55.500002
55.500002
55.5
55.500006
55.500008
55.500049
55.500003
55.500011
55.5
55.5
55.500001
55.500025
55.500001
94.000676
94.034242
55.500038
105.87215
105.87215
105.87215
105.87215
105.87215
55.52038
55.5
55.500015
111
111
111
111
111
111
111
111
111
110.97317
111
111
111
111
111
111
111
111
111
111
111
111
111
111
111
111
111
111
111
111
111
111
111
111
111
111
55.500002
111
111
111
111
111
111
111
111
111
111
111
111
111
111
110.86294
111
110.99539
55.504724
55.500824
55.5
59.01091
55.5
110.86559
111
111
111
111
111
55.50001
111
111
111
111
111
111
111
55.500023
55.500001
55.5
55.5
55.500555
55.5
111
92.722948
55.50042
55.503922
110.99548
99.04199
92.984098
55.501874
55.500003
55.504015
55.500005
55.500005
111
55.5
55.5
55.5
55.5
55.5
55.82344
55.729759
57.613024
74.459867
55.5
105.87215
105.87216
105.87216
105.87216
105.87216
105.87216
105.87216
105.87978
55.5
55.5
55.5
55.5
94.034255
94.034255
111
111
111
111
111
111
111
111
111
111
111
111
111
111
111
81.898151
111
111
111
111
111
111
111
111
111
111
111
111
94.034263
94.034473
111
111
111
111
111
111
111
111
111
111
111
111
111
111
111
111
111
111
111
111
111
111
111
111
111
111
111
111
111
111
111
111
111
111
111
111
111
111
111
111
110.99992
111
111
111
111
111
111
111
111
111
111
111
110.96426
111
111
111
111
111
111
111
111
111
111
111
111
111
111
111
111
111
111
111
111
111
111
111
111
111
111
111
111
111
111
111
111
111
55.5
55.5
98.913518
85.545318
55.5
68.105941
92.1645
60.892961
55.5
99.524772
103.28509
110.99181
55.740242
102.77403
99.038842
96.291415
90.801192
91.970702
55.51366
55.515444
66.731098
97.481217
55.5
55.521722
55.500002
63.906958
57.18289
110.9971
70.405504
91.3212
55.500088
105.41267
65.494518
110.99703
98.961981
83.027613
74.401364
79.331635
70.227148
75.566826
67.314367
62.647898
72.915638
56.010106
77.656917
94.034252
69.397612
61.764261
56.591953
71.179772
74.820493
97.586746
87.692667
70.217394
73.541932
67.8361
55.5
105.34881
66.66941
105.87147
55.5
55.5
111
55.5
110.99444
55.5
55.5
111
55.5
111
110.71428
110.99833
110.99806
55.5
110.98086
55.500001
111
110.99999
55.5
55.500004
72.197825
55.5
55.5
55.5
55.5
55.5
55.5
55.5
55.5
55.5
55.5
55.510835
55.5
55.5
55.5
55.5
111
110.99416
55.501787
110.91705
61.270092
55.5
100.6428
110.9998
55.500637
111
111
111
111
111
110.99981
111
110.9915
110.94046
99.254523
55.5
55.5
55.5
69.678629
55.5
55.5
55.5
66.563929
55.5
55.5
66.053709
98.918642
68.34023
70.984102
64.722612
61.021804
60.702991
100.81555
89.377584
63.777296
68.107224
87.053777
91.688455
55.500037
55.529317
73.789318
97.367921
57.086572
55.500484
55.500126
100.46231
102.39601
102.06912
100.40421
103.42577
55.5
102.23486
91.783312
100.17938
55.5
75.855326
66.099501
67.228591
55.5
110.99458
64.819579
110.51491
90.687857
65.148109
87.313469
64.213274
55.5
65.639595
64.573795
66.153412
70.20003
100.26409
55.500082
96.9847
55.5
95.758562
56.972369
60.132861
69.050405
61.092591
64.388836
80.798522
102.3301
86.356017
79.067901
79.271978
99.602509
66.888575
58.409761
61.242667
61.789924
104.74499
94.972967
108.52252
80.315138
107.65062
57.874813
67.422322
70.941048
58.350743
73.688115
89.867832
89.308021
106.69398
57.594565
90.205283
69.519509
88.803943
55.80155
74.195333
65.321509
101.16716
103.07944
72.412518
100.3782
96.111167
93.339391
86.872592
96.710135
90.179661
57.024066
79.817761
83.219921
87.801896
87.61802
60.662303
76.403139
56.989621
81.785921
74.89985
81.046453
67.806223
76.835983
68.813524
100.37575
79.708588
87.087769
100.17378
59.937311
78.202843
100.73371
105.09578
104.75613
98.815603
62.202934
100.77081
105.4861
64.353869
68.313106
93.41067
58.353681
75.601456
98.664911
101.69764
108.56071
73.529865
68.85149
89.861074
66.533917
57.945637
96.705242
86.635122
105.87821
82.890192
101.04279
84.698057
68.993661
92.71386
78.584587
59.071635
73.036086
57.632882
58.785395
85.344745
56.234544
67.587057
95.36324
56.322006
60.02479
86.919027
88.337021
70.773622
60.313361
59.674229
79.980051
72.755811
63.674282
60.743954
84.462053
76.951756
58.875082
73.047904
82.170756
67.056792
72.704233
65.359588
72.232753
61.03275
57.480141
59.474789
59.131372
62.344893
64.685767
62.386899
71.919558
55.865854
70.405639
61.424374
68.896341
56.813811
63.008847
64.912783
75.254743
87.743429
101.63379
70.691819
87.026939
73.992407
95.924994
64.38397
82.131691
95.174888
100.91874
78.298626
98.193262
105.56578
58.177675
98.111735
98.826897
71.642589
68.408241
103.46704
107.09943
90.324595
68.892809
87.748697
106.92538
68.629458
75.729095
85.700176
95.95828
75.907947
87.875762
103.84697
68.025369
104.69102
91.203753
100.07239
75.496152
76.239804
98.338547
67.582686
87.178854
76.885335
67.715818
102.97492
88.416121
58.970807
88.602527
101.48978
104.14647
84.77972
66.564685
56.950668
97.69414
86.764199
70.262126
86.858705
96.434867
59.787035
84.201955
85.367408
64.263304
98.298103
65.916423
61.481311
99.093502
72.880902
93.855544
69.965313
84.765251
77.530733
74.770098
56.301674
87.08971
96.397158
66.976116
59.011733
72.782832
92.724184
93.511105
79.597369
70.415288
72.635324
67.388427
70.532674
64.340414
61.037441
61.876633
84.68769
84.860663
63.429872
64.251743
69.492398
104.97687
70.761596
69.25231
71.532193
96.658117
64.531368
82.602074
73.50454
58.104526
61.319062
82.025546
72.631218
79.770076
71.534189
100.18195
66.925378
60.288004
83.532946
79.123193
56.301601
58.766674
66.116127
65.090209
99.0455
61.543733
64.989551
88.111441
56.635824
63.706315
67.733268
85.707599
72.060026
94.528807
67.472429
98.282497
72.763391
102.055
66.669483
100.37828
56.904765
67.670228
81.415923
63.62317
59.37728
72.026723
90.767641
91.303484
73.241878
68.62425
75.628993
105.56943
74.841603
77.178957
84.561131
66.1947
71.963533
84.629547
58.731533
55.514487
88.577482
79.053464
68.920051
72.368344
59.638883
87.248972
74.663889
63.267804
87.195253
61.508375
62.73901
107.60845
65.036084
68.811142
60.064001
103.47443
77.667589
55.812152
70.559282
84.343276
64.124662
67.199695
95.118403
66.497979
60.535953
67.213195
68.203563
91.7567
71.197262
68.08195
64.887785
85.740664
59.329438
66.646326
59.070711
89.645218
73.953195
81.184018
60.932831
71.734911
85.520117
67.72322
64.761726
64.45348
59.647818
55.544596
67.850719
61.867389
63.101953
55.741821
72.244851
60.93383
92.436546
76.835329
84.441028
82.321965
65.391944
56.886604
64.702822
61.250979
59.336814
67.902096
80.696494
91.643461
62.470403
81.942685
90.60084
80.470363
91.447392
57.457697
87.588946
83.869594
59.746364
78.091734
59.756714
67.335643
67.618429
66.585872
104.32489
79.762325
73.094242
67.339933
64.739075
75.633848
80.529065
84.833972
84.558509
84.84977
105.35797
63.229291
89.378984
81.163441
92.660607
83.927512
89.511013
88.898184
107.50203
91.816486
77.433865
79.363694
69.039117
100.66162
80.20382
81.606988
85.751426
98.456783
92.011559
78.32813
84.822268
92.363751
99.440013
80.256385
98.493127
91.042154
75.777616
86.406299
61.653191
88.220829
91.027564
96.814228
97.232914
70.941059
97.802673
91.839926
98.273645
59.167253
86.653602
91.110213
60.169695
98.972177
61.590046
69.514694
72.9721
60.343851
60.227469
57.663621
72.963016
67.096749
65.957861
59.162219
65.624253
57.794845
71.506766
56.859933
60.349062
61.227472
76.182673
57.56358
63.878074
72.177125
60.685806
70.341313
63.14689
81.678801
68.962575
61.218729
63.097917
66.358801
60.670172
64.976628
62.721791
85.342832
68.276752
65.996845
57.347254
57.960479
67.557237
79.924164
61.258685
67.965555
71.232709
73.243323
57.339536
62.614604
71.850547
68.101543
61.904854
62.640186
81.04981
102.98357
63.206109
90.362694
69.175034
103.72819
72.249135
80.540408
105.81829
94.226588
104.33702
87.486609
62.318597
74.939405
87.37889
89.884481
76.764995
104.00512
67.510237
68.889103
93.782494
90.49438
101.80802
67.962523
84.502454
75.088112
93.030073
83.755739
83.019412
55.998
82.779384
62.498995
66.811996
63.962141
93.929463
77.335689
61.685441
97.450974
64.781669
77.379341
67.847932
62.878881
64.560037
73.825455
95.897375
93.527683
56.689726
66.961792
75.031825
97.840331
62.592914
94.694801
89.02622
60.185806
72.996309
84.3696
101.24465
)


2023
(
0
0
0
0
0
0
0
0
0
0
0
0
0
0
0
0
0
0
0
0
0
0
0
0
0
0
0
0
115
115
115
115
115
115
115
115
115
115
115
115
115
115
115
115
115
115
115
115
115
115
115
115
115
115
115
115
115
115
115
115
115
115
115
115
115
115
115
115
115
115
115
115
115
115
115
115
115
115
115
115
115
115
115
115
115
115
115
115
115
115
115
115
115
115
115
115
115
115
115
115
115
115
115
115
115
115
115
115
115
115
115
115
115
115
115
115
115
115
115
115
115
115
115
115
115
115
115
115
115
115
115
115
115
115
115
115
115
115
115
115
115
115
115
115
115
115
115
115
115
115
115
115
115
115
115
115
115
115
115
115
115
115
115
115
115
115
115
115
115
115
115
115
115
115
115
115
115
115
115
115
115
115
115
115
115
115
115
115
115
115
115
115
115
115
115
115
115
115
115
115
115
115
115
115
115
115
115
115
115
115
115
115
115
115
115
115
115
115
115
115
115
115
115
115
115
115
115
115
115
115
115
115
115
115
115
115
115
115
115
115
115
115
115
115
115
115
115
115
115
115
115
115
115
115
115
115
115
115
115
115
115
115
115
115
115
115
115
115
115
115
115
115
115
115
115
115
115
115
115
115
115
115
115
115
115
115
115
115
115
115
115
115
115
115
115
115
115
115
115
115
115
115
115
115
115
115
115
115
115
115
115
115
115
115
115
115
115
115
115
115
115
115
115
115
115
115
115
115
115
115
115
115
115
115
115
115
115
115
115
115
115
115
115
115
115
115
115
115
115
115
115
115
115
115
115
115
115
115
115
115
115
115
115
115
115
115
115
115
115
115
115
115
115
115
115
115
115
115
115
115
115
115
115
115
115
115
115
115
115
115
115
115
115
115
115
115
115
115
115
115
115
115
115
115
115
115
115
115
115
115
115
115
115
115
115
115
115
115
115
115
115
115
115
115
115
115
115
115
115
115
115
115
115
115
115
115
115
115
115
115
115
115
115
115
115
115
115
115
115
115
115
115
115
115
115
115
115
115
115
115
115
115
115
115
115
115
115
115
115
115
115
115
115
115
115
115
115
115
115
115
115
115
115
115
115
115
115
115
115
115
115
115
115
115
115
115
115
115
115
115
115
115
115
115
115
115
115
115
115
115
115
115
115
115
115
115
115
115
115
115
115
115
115
115
115
115
115
115
115
115
115
115
115
115
115
115
115
115
115
115
115
115
115
115
115
115
115
115
115
115
115
115
115
115
115
115
115
0
0
0
0
0
0
0
0
0
0
0
0
0
0
0
0
0
0
0
0
0
0
0
0
0
0
0
0
0
0
0
0
0
0
0
0
0
0
0
0
0
0
0
0
0
0
0
0
0
0
0
0
0
0
0
0
0
0
0
0
0
0
0
78.523191
92.808941
68.031619
70.304225
63.293047
57.91754
62.854283
72.926351
107.12132
100.15541
71.868366
65.394627
61.809556
101.72046
101.58625
78.986198
84.197599
100.08568
103.89949
100.72646
99.821078
64.718145
81.469833
57.500899
57.500461
57.500001
57.5
57.500021
57.500003
57.500001
57.5
57.500003
57.500002
57.50001
57.500002
57.500002
57.500004
57.500007
57.500011
57.500003
57.500073
57.500001
57.5
57.50001
57.500001
57.500002
57.5
57.5
57.5
57.5
57.511497
57.500001
57.5
114.99983
57.5
57.500002
57.500002
57.5
57.500001
57.5
57.5
57.500002
57.5
57.5
57.5
57.500001
57.500001
57.500001
57.5
57.5
57.530516
57.525024
57.500003
57.5
57.5
57.5
57.5
57.5
57.5
57.5
57.5
57.5
57.509125
57.500001
57.500005
57.500003
57.5
57.500002
57.5
57.500002
57.5
57.500003
57.500002
57.500001
57.500245
57.5
57.500002
57.500001
57.500002
57.500001
57.501291
57.500006
57.5
57.5
57.500005
57.500017
114.9985
115
115
57.500001
114.96701
115
115
57.514154
115
115
115
114.99996
57.5
115
115
115
115
115
57.50079
115
115
57.500001
115
115
115
115
115
115
115
115
57.500002
115
115
115
115
115
115
115
115
115
115
115
115
115
115
115
115
115
57.500002
115
115
115
115
115
115
115
115
115
115
115
115
115
115
115
115
115
115
115
115
115
115
115
115
57.500006
114.99311
115
115
115
115
115
115
115
115
115
115
115
115
115
115
115
115
115
115
115
115
115
115
115
115
115
115
115
115
115
115
115
115
115
115
115
115
115
115
57.5
115
115
115
115
115
115
115
57.586058
115
115
115
115
114.99427
115
115
115
115
115
115
115
115
115
115
115
115
115
115
115
57.5
57.500001
57.500004
57.535161
57.500002
57.5
57.5
57.5
57.5
57.504439
57.500004
57.500006
57.500001
57.500015
57.500003
57.50001
57.500002
57.5
109.68737
109.68737
109.68737
109.68737
109.68737
109.68737
109.68788
109.68737
109.68737
109.68737
109.68737
57.500002
57.5
57.500003
57.500006
57.50002
57.500008
57.500014
57.500013
57.500009
59.576442
115
115
115
115
115
115
115
115
115
57.500026
57.500001
115
115
115
115
115
115
115
115
115
115
115
115
115
115
57.500033
115
115
115
115
115
115
115
115
115
115
115
57.500001
57.500005
115
115
115
115
115
115
57.500008
57.500002
115
115
115
115
115
115
115
115
115
115
115
115
115
115
115
115
57.500004
57.5
115
115
115
115
115
115
115
115
115
115
115
115
115
115
115
57.500007
115
115
115
115
115
115
115
57.500016
115
115
115
115
57.500001
57.500001
115
115
115
115
57.5
115
115
115
57.5
57.500005
57.744545
57.5
114.98886
114.96179
57.500003
57.5
94.212178
94.189509
94.188375
94.185118
94.188376
94.188374
94.188376
94.188371
94.197271
69.361158
57.5
57.500083
57.500072
57.5
57.502672
57.5
57.5
57.500004
57.500005
57.500003
114.99362
94.179605
94.188376
115
94.188374
115
94.188376
94.188377
57.500004
57.500001
57.500004
94.187386
94.188373
94.188374
94.188373
57.500004
115
57.527047
57.500001
57.5
57.5
57.500008
57.500002
57.500002
57.50001
57.500007
57.500001
57.500004
57.500001
57.500006
57.500002
57.500002
57.500002
57.5
57.500007
57.500008
57.500051
57.500003
57.500012
57.5
57.5
57.500001
57.500026
57.500001
97.388088
97.422863
57.50004
109.68736
109.68737
109.68737
109.68737
109.68737
57.521114
57.5
57.500016
115
115
115
115
115
115
115
115
115
114.9722
115
115
115
115
115
115
115
115
115
115
115
115
115
115
115
115
115
115
115
115
115
115
115
115
115
115
57.500002
115
115
115
115
115
115
115
115
115
115
115
115
115
115
114.858
115
114.99522
57.504894
57.500854
57.5
61.13743
57.5
114.86075
115
115
115
115
115
57.500011
115
115
115
115
115
115
115
57.500024
57.500002
57.5
57.5
57.500575
57.5
115
96.064315
57.500435
57.504063
114.99532
102.61107
96.334877
57.501942
57.500004
57.50416
57.500005
57.500005
115
57.5
57.5
57.5
57.5
57.5
57.835095
57.738038
59.689169
77.143106
57.5
109.68737
109.68737
109.68737
109.68737
109.68737
109.68737
109.68737
109.69527
57.5
57.5
57.5
57.5
97.422877
97.422877
115
115
115
115
115
115
115
115
115
115
115
115
115
115
115
84.849436
115
115
115
115
115
115
115
115
115
115
115
115
97.422886
97.423103
115
115
115
115
115
115
115
115
115
115
115
115
115
115
115
115
115
115
115
115
115
115
115
115
115
115
115
115
115
115
115
115
115
115
115
115
115
115
115
115
114.99992
115
115
115
115
115
115
115
115
115
115
115
114.96297
115
115
115
115
115
115
115
115
115
115
115
115
115
115
115
115
115
115
115
115
115
115
115
115
115
115
115
115
115
115
115
115
115
57.5
57.5
102.47797
88.628032
57.5
70.56021
95.485743
63.087302
57.5
103.11125
107.00707
114.99152
57.748899
106.4776
102.60781
99.761376
94.073307
95.284961
57.514152
57.516001
69.135822
100.99405
57.5
57.522505
57.500002
66.209911
59.243535
114.99699
72.942639
94.612054
57.500091
109.21133
67.854681
114.99692
102.52818
86.019599
77.082494
82.190433
72.757856
78.289955
69.74011
64.90548
75.543228
58.028489
80.455364
97.422874
71.898427
63.99
58.631303
73.744809
77.516727
101.10339
90.852763
72.74775
76.192091
70.280644
57.5
109.14517
69.071911
109.68666
57.5
57.5
115
57.5
114.99423
57.5
57.5
115
57.5
115
114.70398
114.99827
114.99799
57.5
114.98017
57.500001
115
114.99999
57.5
57.500004
74.799548
57.5
57.5
57.5
57.5
57.5
57.5
57.5
57.5
57.5
57.5
57.511226
57.5
57.5
57.5
57.5
115
114.99395
57.501851
114.91406
63.478023
57.5
104.26957
114.99979
57.50066
115
115
115
115
115
114.9998
115
114.99119
114.93831
102.83126
57.5
57.5
57.5
72.18957
57.5
57.5
57.5
68.96263
57.5
57.5
68.434023
102.48328
70.802941
73.542087
67.054959
63.220787
62.890487
104.44854
92.598398
66.075577
70.561538
90.19085
94.992543
57.500038
57.530373
76.448393
100.87668
59.143745
57.500502
57.500131
104.08257
106.08595
105.74728
104.02238
107.15282
57.5
105.919
95.090818
103.78945
57.5
78.588852
68.481465
69.651243
57.5
114.99439
67.15542
114.49742
93.955888
67.495788
90.4599
66.527266
57.5
68.004986
66.900779
68.537319
72.729761
103.87721
57.500085
100.47964
57.5
99.209321
59.025427
62.299811
71.538708
63.294125
66.709155
83.710181
106.01767
89.467946
81.917195
82.128626
103.19179
69.298974
60.514617
63.449609
64.016588
108.51958
98.395417
112.43324
83.209377
111.52992
59.960392
69.851956
73.497482
60.453472
76.343542
93.106312
92.526328
110.53881
59.670045
93.455924
72.024716
92.004085
57.812417
76.869039
67.675438
104.81282
106.79401
75.021978
103.99543
99.574632
96.702973
90.003136
100.19518
93.429378
59.078988
82.694076
86.218838
90.965928
90.775426
62.848332
79.156405
59.043301
84.733162
77.598944
83.967046
70.249691
79.604847
71.293291
103.99289
82.580969
90.226067
103.78364
62.097214
81.020963
104.36375
108.88301
108.53113
102.37653
64.444481
104.40219
109.2874
66.672928
70.774839
96.77682
60.456516
78.325833
102.2204
105.36242
112.47281
76.17959
71.332625
93.099311
68.931535
60.033768
100.19012
89.757109
109.69364
85.877226
104.68397
87.750239
71.479919
96.0549
81.416464
61.200343
75.668017
59.709743
60.903788
88.420231
58.261015
70.022627
98.799753
58.351628
62.187846
90.051244
91.520337
73.324023
62.486815
61.824651
82.862215
75.377642
65.968851
62.932925
87.50573
79.724792
60.996707
75.680261
85.131864
69.473253
75.324205
67.714888
74.835735
63.232128
59.551497
61.618025
61.262232
64.591556
67.016786
64.635075
74.511253
57.879038
72.942779
63.637865
71.379092
58.861156
65.279436
67.251982
77.966625
90.905354
105.29627
73.239272
90.163045
76.6588
99.381751
66.704113
85.091392
98.604613
104.55545
81.120198
101.73176
109.36995
60.274168
101.64729
102.38823
74.224304
70.873402
107.19558
110.95887
93.579535
71.375432
90.910812
110.77855
71.102592
78.458071
88.788471
99.416236
78.643368
91.042456
107.5892
70.476734
108.46367
94.490374
103.6786
78.216735
78.987184
101.88228
70.018098
90.320434
79.655978
70.156028
106.68573
91.602287
61.095881
91.79541
105.14707
107.8995
87.834845
68.963412
59.002944
101.21465
89.890837
72.794095
89.988748
99.909998
61.941523
87.23626
88.443711
66.579099
101.84038
68.291789
63.696854
102.66444
75.50724
97.237726
72.486586
87.819855
80.324633
77.464516
58.330563
90.228078
99.87093
69.38967
61.138282
75.405637
96.065596
96.880875
82.465742
72.952775
75.252813
69.816839
73.074392
66.658987
63.236988
64.106422
87.739499
87.918705
65.715634
66.567122
71.996628
108.75983
73.311563
71.747888
74.109929
100.14129
66.856823
85.578725
76.153352
60.198382
63.528758
84.981422
75.248559
82.644673
74.111997
103.79211
69.337104
62.460545
86.543143
81.974479
58.330488
60.884392
68.49869
67.435803
102.61471
63.761525
67.331516
91.286628
58.676755
66.002038
70.174106
88.796161
74.656784
97.93525
69.903868
101.82421
75.385496
105.73266
69.071987
103.99551
58.955387
70.108795
84.349831
65.915897
61.517002
74.62228
94.038547
94.593699
75.881225
71.097196
78.354362
109.37373
77.538598
79.96018
87.608379
68.580095
74.556813
87.67926
60.847984
57.515009
91.769463
81.902238
71.403657
74.976212
61.788032
90.393079
77.354479
65.547725
90.337425
63.724893
64.999875
111.48623
67.379726
71.290823
62.228469
107.20324
80.466421
57.823401
73.101959
87.382674
66.435461
69.621305
98.546094
68.894302
62.717429
69.635292
70.661349
95.063248
73.762929
70.535353
67.226084
88.830418
61.467435
69.047996
61.199386
92.875677
76.618175
84.109568
63.128609
74.319953
88.601923
70.163696
67.095481
66.776128
61.797288
57.546203
70.29579
64.096844
65.375897
57.750535
74.848269
63.129644
95.767593
79.604169
87.483948
85.288522
67.74841
58.936572
67.034455
63.458222
61.475078
70.349018
83.604476
94.945928
64.721589
84.895574
93.865735
83.370196
94.742794
59.528244
90.745305
86.891921
61.899386
80.90585
61.910109
69.762152
70.055129
68.985363
108.08435
82.636643
75.728268
69.766598
67.072015
78.359392
83.431013
87.891052
87.605662
87.90742
109.15466
65.507824
92.599849
84.08825
95.999728
86.951927
92.736635
92.101722
111.37598
95.125188
80.224274
82.223647
71.527013
104.28907
83.094048
84.54778
88.841567
102.00477
95.327291
81.150765
87.878927
95.692174
103.02344
83.148507
102.04243
94.322953
78.508341
89.52004
63.874927
91.399958
94.307837
100.30303
100.7368
73.497493
101.32709
95.149473
101.81504
61.299406
89.776254
94.393464
62.337972
102.53874
63.809507
72.019728
75.601725
62.518404
62.397829
59.741589
75.592314
69.51465
68.334721
61.294191
67.989091
59.877542
74.083587
58.90894
62.523803
63.433868
78.927995
59.637943
66.179987
74.778102
62.872682
72.876136
65.422454
84.622181
71.447713
63.42481
65.371715
68.750109
62.856485
67.318128
64.982036
88.418249
70.737175
68.375109
59.413822
60.049145
69.991733
82.804314
63.466206
70.414764
73.799654
75.882722
59.405825
64.870986
74.439756
70.555653
64.135659
64.89749
83.970523
106.69469
65.483807
93.619008
71.667828
107.46614
74.852707
83.442765
109.63156
97.622141
108.09692
90.639279
64.564312
77.639924
90.527679
93.123561
79.531301
107.75306
69.943038
71.371593
97.162043
93.755438
105.47677
70.411623
87.547587
77.79399
96.382508
86.773963
86.011102
58.015946
85.762425
64.751211
69.219635
66.267083
97.314308
80.12256
63.908339
100.96272
67.116143
80.167786
70.292902
65.144787
66.886525
76.485832
99.353136
96.89805
58.732599
69.37483
77.735675
101.36611
64.848515
98.107226
92.234372
62.354664
75.626807
87.409946
104.89311
)


2023
(
0
0
0
0
0
0
0
0
0
0
0
0
0
0
0
0
0
0
0
0
0
0
0
0
0
0
0
0
139
139
139
139
139
139
139
139
139
139
139
139
139
139
139
139
139
139
139
139
139
139
139
139
139
139
139
139
139
139
139
139
139
139
139
139
139
139
139
139
139
139
139
139
139
139
139
139
139
139
139
139
139
139
139
139
139
139
139
139
139
139
139
139
139
139
139
139
139
139
139
139
139
139
139
139
139
139
139
139
139
139
139
139
139
139
139
139
139
139
139
139
139
139
139
139
139
139
139
139
139
139
139
139
139
139
139
139
139
139
139
139
139
139
139
139
139
139
139
139
139
139
139
139
139
139
139
139
139
139
139
139
139
139
139
139
139
139
139
139
139
139
139
139
139
139
139
139
139
139
139
139
139
139
139
139
139
139
139
139
139
139
139
139
139
139
139
139
139
139
139
139
139
139
139
139
139
139
139
139
139
139
139
139
139
139
139
139
139
139
139
139
139
139
139
139
139
139
139
139
139
139
139
139
139
139
139
139
139
139
139
139
139
139
139
139
139
139
139
139
139
139
139
139
139
139
139
139
139
139
139
139
139
139
139
139
139
139
139
139
139
139
139
139
139
139
139
139
139
139
139
139
139
139
139
139
139
139
139
139
139
139
139
139
139
139
139
139
139
139
139
139
139
139
139
139
139
139
139
139
139
139
139
139
139
139
139
139
139
139
139
139
139
139
139
139
139
139
139
139
139
139
139
139
139
139
139
139
139
139
139
139
139
139
139
139
139
139
139
139
139
139
139
139
139
139
139
139
139
139
139
139
139
139
139
139
139
139
139
139
139
139
139
139
139
139
139
139
139
139
139
139
139
139
139
139
139
139
139
139
139
139
139
139
139
139
139
139
139
139
139
139
139
139
139
139
139
139
139
139
139
139
139
139
139
139
139
139
139
139
139
139
139
139
139
139
139
139
139
139
139
139
139
139
139
139
139
139
139
139
139
139
139
139
139
139
139
139
139
139
139
139
139
139
139
139
139
139
139
139
139
139
139
139
139
139
139
139
139
139
139
139
139
139
139
139
139
139
139
139
139
139
139
139
139
139
139
139
139
139
139
139
139
139
139
139
139
139
139
139
139
139
139
139
139
139
139
139
139
139
139
139
139
139
139
139
139
139
139
139
139
139
139
139
139
139
139
139
139
139
139
139
139
139
139
139
139
139
139
139
139
139
139
139
139
139
139
139
139
139
139
139
139
139
139
139
139
139
139
0
0
0
0
0
0
0
0
0
0
0
0
0
0
0
0
0
0
0
0
0
0
0
0
0
0
0
0
0
0
0
0
0
0
0
0
0
0
0
0
0
0
0
0
0
0
0
0
0
0
0
0
0
0
0
0
0
0
0
0
0
0
0
94.91064
112.17776
82.229523
84.976411
76.502031
70.004679
75.971699
88.145764
129.47707
121.05741
86.866981
79.042202
74.708942
122.94908
122.78685
95.470274
101.76927
120.97313
125.58286
121.74764
120.6533
78.224541
98.472232
69.501086
69.500557
69.500001
69.500001
69.500025
69.500004
69.500002
69.500001
69.500003
69.500002
69.500013
69.500002
69.500002
69.500005
69.500008
69.500013
69.500003
69.500088
69.500001
69.5
69.500012
69.500001
69.500003
69.5
69.5
69.5
69.5
69.513897
69.500001
69.5
138.9998
69.5
69.500003
69.500003
69.5
69.500001
69.500001
69.5
69.500002
69.5
69.5
69.500001
69.500001
69.500001
69.500001
69.5
69.5
69.536884
69.530247
69.500004
69.5
69.5
69.5
69.5
69.5
69.5
69.5
69.5
69.5
69.511029
69.500002
69.500006
69.500004
69.5
69.500002
69.5
69.500003
69.5
69.500004
69.500002
69.500001
69.500297
69.5
69.500003
69.500001
69.500002
69.500001
69.50156
69.500007
69.5
69.5
69.500006
69.500021
138.99818
139
139
69.500001
138.96012
139
139
69.517107
139
139
139
138.99995
69.500001
139
139
139
139
139
69.500954
139
139
69.500001
139
139
139
139
139
139
139
139
69.500002
139
139
139
139
139
139
139
139
139
139
139
139
139
139
139
139
139
69.500002
139
139
139
139
139
139
139
139
139
139
139
139
139
139
139
139
139
139
139
139
139
139
139
139
69.500007
138.99168
139
139
139
139
139
139
139
139
139
139
139
139
139
139
139
139
139
139
139
139
139
139
139
139
139
139
139
139
139
139
139
139
139
139
139
139
139
139
69.5
139
139
139
139
139
139
139
69.604018
139
139
139
139
138.99308
139
139
139
139
139
139
139
139
139
139
139
139
139
139
139
69.5
69.500002
69.500005
69.542499
69.500002
69.5
69.5
69.5
69.5
69.505365
69.500005
69.500008
69.500001
69.500019
69.500004
69.500012
69.500002
69.5
132.57864
132.57864
132.57864
132.57864
132.57864
132.57864
132.57926
132.57865
132.57864
132.57865
132.57865
69.500003
69.5
69.500004
69.500007
69.500025
69.50001
69.500017
69.500015
69.500011
72.009787
139
139
139
139
139
139
139
139
139
69.500031
69.500001
139
139
139
139
139
139
139
139
139
139
139
139
139
139
69.50004
139
139
139
139
139
139
139
139
139
139
139
69.500002
69.500006
139
139
139
139
139
139
69.500009
69.500002
139
139
139
139
139
139
139
139
139
139
139
139
139
139
139
139
69.500004
69.5
139
139
139
139
139
139
139
139
139
139
139
139
139
139
139
69.500009
139
139
139
139
139
139
139
69.500019
139
139
139
139
69.500001
69.500001
139
139
139
139
69.5
139
139
139
69.5
69.500006
69.795581
69.5
138.98653
138.95382
69.500004
69.5
113.87385
113.84645
113.84508
113.84114
113.84508
113.84508
113.84508
113.84507
113.85583
83.83653
69.5
69.500101
69.500087
69.5
69.50323
69.5
69.5
69.500005
69.500006
69.500004
138.99229
113.83448
113.84508
139
113.84508
139
113.84508
113.84508
69.500004
69.500001
69.500005
113.84388
113.84508
113.84508
113.84508
69.500004
139
69.532692
69.500001
69.5
69.5
69.500009
69.500003
69.500002
69.500013
69.500009
69.500001
69.500005
69.500002
69.500007
69.500002
69.500002
69.500002
69.5
69.500008
69.50001
69.500062
69.500003
69.500014
69.5
69.5
69.500001
69.500031
69.500001
117.71256
117.75459
69.500048
132.57864
132.57864
132.57864
132.57864
132.57864
69.52552
69.5
69.500019
139
139
139
139
139
139
139
139
139
138.9664
139
139
139
139
139
139
139
139
139
139
139
139
139
139
139
139
139
139
139
139
139
139
139
139
139
139
69.500002
139
139
139
139
139
139
139
139
139
139
139
139
139
139
138.82837
139
138.99422
69.505915
69.501032
69.5
73.896545
69.5
138.83169
139
139
139
139
139
69.500013
139
139
139
139
139
139
139
69.500029
69.500002
69.5
69.5
69.500695
69.5
139
116.11252
69.500526
69.504911
138.99434
124.02556
116.43955
69.502347
69.500004
69.505028
69.500006
69.500006
139
69.5
69.5
69.5
69.5
69.5
69.905028
69.787716
72.146039
93.242536
69.5
132.57864
132.57865
132.57865
132.57865
132.57865
132.57865
132.57865
132.58819
69.5
69.5
69.5
69.5
117.75461
117.75461
139
139
139
139
139
139
139
139
139
139
139
139
139
139
139
102.55714
139
139
139
139
139
139
139
139
139
139
139
139
117.75462
117.75488
139
139
139
139
139
139
139
139
139
139
139
139
139
139
139
139
139
139
139
139
139
139
139
139
139
139
139
139
139
139
139
139
139
139
139
139
139
139
139
139
138.9999
139
139
139
139
139
139
139
139
139
139
139
138.95525
139
139
139
139
139
139
139
139
139
139
139
139
139
139
139
139
139
139
139
139
139
139
139
139
139
139
139
139
139
139
139
139
139
69.5
69.5
123.86468
107.12432
69.5
85.285819
115.4132
76.253347
69.5
124.63012
129.33898
138.98975
69.800843
128.69901
124.02161
120.58114
113.706
115.17052
69.517105
69.51934
83.564168
122.07107
69.5
69.527202
69.500003
80.027632
71.607403
138.99637
88.165451
114.35718
69.50011
132.00326
82.015658
138.99628
123.92536
103.97152
93.169276
99.343219
87.942104
94.628728
84.294568
78.450971
91.308772
70.138782
97.246049
117.7546
86.903316
77.344434
70.867401
89.13503
93.694131
122.20322
109.81334
87.929889
92.09305
84.947909
69.5
131.92329
83.486919
132.57779
69.5
69.5
139
69.5
138.99303
69.5
69.5
139
69.5
139
138.6422
138.99791
138.99757
69.5
138.97604
69.500002
139
138.99999
69.5
69.500005
90.409889
69.5
69.5
69.5
69.5
69.5
69.5
69.5
69.5
69.5
69.5
69.513569
69.5
69.5
69.5
69.5
139
138.99269
69.502238
138.89612
76.72561
69.5
126.03017
138.99975
69.500798
139
139
139
139
139
138.99976
139
138.98935
138.92544
124.2917
69.5
69.5
69.5
87.25522
69.5
69.5
69.5
83.354831
69.5
69.5
82.715906
123.87109
85.579207
88.890001
81.049037
76.414691
76.015458
126.2465
111.92328
79.865262
85.287424
109.01329
114.81707
69.500046
69.536712
92.40284
121.9292
71.486788
69.500606
69.500158
125.80415
128.22563
127.81628
125.73139
129.51515
69.5
128.02383
114.93586
125.44985
69.5
94.990003
82.773249
84.187155
69.5
138.99322
81.170464
138.39254
113.56407
81.581866
109.33849
80.411218
69.5
82.197331
80.862681
82.84076
87.908146
125.55594
69.500103
121.44931
69.5
119.91387
71.343777
75.301511
86.468525
76.503334
80.631065
101.18013
128.1431
108.13952
99.012958
99.268513
124.72747
83.761368
73.143755
76.691267
77.376571
131.16715
118.93011
135.89757
100.57481
134.80573
72.473865
84.429755
88.836087
73.069849
92.276107
112.53719
111.83617
133.60778
72.122924
112.95977
87.055961
111.20494
69.877617
92.911273
81.799007
126.6868
129.08146
90.678738
125.69883
120.35543
116.88446
108.7864
121.10548
112.92768
71.408515
99.951971
104.21233
109.95012
109.71986
75.964506
95.676003
71.365382
102.4166
93.793506
101.4906
84.910496
96.218032
86.171891
125.69576
99.815258
109.05586
125.44284
75.056632
97.929686
126.14401
131.60642
131.1811
123.74206
77.893765
126.19048
132.09521
80.587278
85.54524
116.97372
73.073528
94.672094
123.55336
127.3511
135.94539
92.077939
86.219434
112.52873
83.317247
72.562555
121.09936
108.48903
132.58622
103.79943
126.53106
106.06333
86.397467
116.10114
98.407726
73.972588
91.459604
72.170907
73.614143
106.87315
70.419835
84.636045
119.41883
70.529359
75.166179
108.84455
110.62023
88.626428
75.527542
74.727187
100.1552
91.108628
79.736263
76.066753
105.7678
96.36301
73.726454
91.474403
102.89851
83.972019
91.044039
81.846691
90.453628
76.428399
71.979636
74.477439
74.047393
78.071532
81.002897
78.124135
90.061428
69.958141
88.16562
76.918811
86.275598
71.145223
78.902971
81.287178
94.237921
109.87691
127.27115
88.52399
108.97968
92.657158
120.12229
80.624971
102.8496
119.18297
126.37571
98.049631
122.96273
132.19498
72.853125
122.86064
123.7562
89.714594
85.664373
129.56683
134.1155
113.10918
86.271175
109.8835
133.89755
85.941393
94.831929
107.31824
120.16397
95.055897
110.04262
130.0426
85.184922
131.09957
114.2101
125.31588
94.540227
95.471466
123.14467
84.63057
109.16992
96.279834
84.797285
128.95058
110.71929
73.846325
110.95271
127.09081
130.41765
106.16559
83.355776
71.316602
122.33771
108.65066
87.985906
108.76901
120.76078
74.868449
105.44209
106.90153
80.473867
123.09402
82.543989
76.99011
124.09006
91.265273
117.53082
87.614221
106.14748
97.088035
93.631023
70.503898
109.05829
120.71356
83.870992
73.897575
91.142466
116.11407
117.09949
99.675984
88.177702
90.957748
84.38731
88.3247
80.570428
76.434273
77.485153
106.05035
106.26696
79.430201
80.45939
87.022011
131.45753
88.611367
86.721361
89.576349
121.04034
80.809551
103.43863
92.046225
72.761523
76.786933
102.71668
90.952606
99.892257
89.578849
125.45307
83.807456
75.495789
104.60432
99.082197
70.503807
73.5907
82.794068
81.509361
124.02995
77.068278
81.383311
110.33775
70.922339
79.776376
84.819137
107.32753
90.23733
118.37391
84.492501
123.07448
91.118121
127.79861
83.48701
125.69893
71.25912
84.740195
101.95327
79.672258
74.355332
90.195626
113.66398
114.33499
91.717307
85.934872
94.706576
132.19955
93.720566
96.647522
105.89187
82.892463
90.116496
105.97754
73.546694
69.518141
110.92135
98.994879
86.305289
90.623422
74.682926
109.25772
93.498023
79.22725
109.19045
77.024001
78.565067
134.75292
81.441582
86.168908
75.21528
129.57609
97.259413
69.890893
88.35802
105.61906
80.300252
84.150969
119.11223
83.272243
75.806283
84.167875
85.408065
114.90253
89.156931
85.255775
81.255876
107.36894
74.295422
83.458012
73.971431
112.25843
92.608055
101.66287
76.303275
89.830204
107.09276
84.806554
81.098017
80.712015
74.694114
69.555845
84.966215
77.473577
79.019562
69.802821
90.468777
76.304526
115.75387
96.217213
105.74147
103.08787
81.887209
71.236378
81.024254
76.701677
74.304659
85.030553
101.05237
114.76073
78.228703
102.61291
113.45511
100.76919
114.5152
71.95153
109.68346
105.02589
74.817519
97.790549
74.830479
84.32121
84.67533
83.382308
130.64108
99.882551
91.532429
84.326583
81.069653
94.712656
100.8427
106.23353
105.88858
106.25332
131.93476
79.179022
111.92503
101.6371
116.03445
105.09842
112.09037
111.32295
134.61966
114.9774
96.966732
99.383364
86.45439
126.05374
100.43541
102.19253
107.38242
123.29273
115.22168
98.086577
106.21888
115.66271
124.52398
100.50124
123.33824
114.00774
94.89269
108.20248
77.205347
110.47473
113.98947
121.23583
121.76014
88.836101
122.47362
115.00675
123.06339
74.092326
108.51217
114.09297
75.347636
123.93813
77.126274
87.049933
91.379476
75.565723
75.419984
72.209399
91.368101
84.022055
82.59588
74.086022
82.178119
72.373724
89.544509
71.202979
75.572249
76.67224
95.399924
72.084123
79.991462
90.383967
75.993937
88.085068
79.075836
102.28246
86.35854
76.661292
79.014508
83.097958
75.97436
81.367129
78.543504
106.87075
85.499716
82.644697
71.813228
72.58114
84.598703
100.08521
76.711327
85.110019
89.201321
91.719117
71.803563
78.409279
89.975009
85.28031
77.520493
78.441314
101.49481
128.96141
79.149993
113.15689
86.624592
129.89386
90.474142
100.85691
132.51119
117.99546
130.65627
109.5553
78.038603
93.843039
109.42041
112.55804
96.129138
130.24065
84.539846
86.266534
117.43934
113.32179
127.48932
85.106222
105.81839
94.029258
116.49712
104.88331
103.96125
70.123621
103.66067
78.264507
83.665472
80.096735
117.62338
96.84379
77.245732
122.0332
81.12299
96.898455
84.962726
78.740221
80.845451
92.448093
120.0877
117.12025
70.989837
83.853055
93.958772
122.52077
78.382118
118.58178
111.48328
75.367812
91.409793
105.65202
126.78385
)

)


// ************************************************************************* //
