/*--------------------------------*- C++ -*----------------------------------*\
  =========                 |
  \\      /  F ield         | OpenFOAM: The Open Source CFD Toolbox
   \\    /   O peration     | Website:  https://openfoam.org
    \\  /    A nd           | Version:  8
     \\/     M anipulation  |
\*---------------------------------------------------------------------------*/
FoamFile
{
    version     2.0;
    format      ascii;
    class       scalarListList;
    location    "constant/vegetation";
    object      sunViewCoeff;
}
// * * * * * * * * * * * * * * * * * * * * * * * * * * * * * * * * * * * * * //


3
(

2023
(
0
0
0
0
0
0
0
0
0
0
0
0
0
0
0
0
0
0
0
0
0
0
0
0
0
0
0
0
214.80245
214.80245
214.80245
214.80245
214.80245
214.80245
214.80245
214.80245
214.80245
214.80245
214.80245
214.80245
214.80245
214.80245
214.80245
214.80245
214.80245
214.80245
214.80245
214.80245
214.80245
214.80245
214.80245
214.80245
214.80245
214.80245
214.80245
214.80245
214.80245
214.80245
214.80245
214.80245
214.80245
214.80245
214.80245
214.80245
214.80245
214.80245
214.80245
214.80245
214.80245
214.80245
214.80245
214.80245
214.80245
214.80245
214.80245
214.80245
214.80245
214.80245
214.80245
214.80245
214.80245
214.80245
214.80245
214.80245
214.80245
184.10566
214.80245
214.80245
156.92057
214.79813
214.80245
214.80245
214.80245
103.06574
58.651256
168.3247
214.80245
214.80245
214.80245
214.80245
214.80245
214.80245
84.065024
73.801336
214.80245
212.26592
39.379325
100.42501
174.53489
214.80245
214.80245
188.81777
214.80245
214.80245
214.80245
214.80245
214.80245
214.80245
0
25.636172
162.37175
199.55166
179.08604
214.80245
121.4686
40.676993
21.139317
45.190365
82.401683
214.80245
214.80245
214.80245
167.34314
28.957364
200.66303
214.80245
43.839926
183.38524
56.096775
188.14029
10.44593
214.80245
178.66539
214.80245
214.80245
214.80245
214.80245
63.003289
98.403851
152.17388
0.0077856557
132.19164
88.988949
64.297497
214.80245
214.80245
214.80245
214.80245
103.29919
198.33794
214.80245
214.80245
146.28117
0.014014388
0.016084372
145.10752
214.80245
214.80245
0
46.459715
189.25373
89.167774
33.784871
89.05397
77.215439
214.80245
214.80245
78.208677
214.80245
214.80245
214.80245
214.80245
214.80245
183.95221
196.0885
201.94043
214.80245
214.80245
22.366411
106.91594
214.80245
181.69596
189.22461
61.057409
182.89937
70.96018
214.80245
129.66723
175.94935
214.80245
214.80245
214.80245
50.590033
28.836588
214.80245
50.243676
205.77808
117.88418
214.80245
214.80245
214.80245
214.80245
0
0
92.494743
166.65888
138.34234
82.111078
115.24918
214.80245
214.80245
103.84687
188.00726
21.042761
214.80245
35.886823
193.87798
214.80245
214.80245
178.4831
214.80245
214.80245
49.403379
11.872447
63.923598
183.33825
35.91249
24.308453
99.795479
132.76959
0
23.788231
214.80245
0
188.79644
138.46297
214.80245
214.80245
183.30673
214.80245
0
0
109.95017
80.267017
0
201.35142
149.00377
172.14565
0
154.89451
128.45011
30.308579
0
87.852589
0
173.92337
214.80245
214.80245
146.96342
0
0
57.333633
214.80245
214.80245
91.604303
0
212.81904
0
98.386633
214.80245
214.80245
214.80245
81.920765
0.074632407
94.948212
0
18.292622
214.80245
0
34.97569
135.30699
119.67844
0
0
94.902767
201.23374
74.553055
0
74.039988
214.80245
214.80245
214.80245
214.80245
214.80245
174.9983
58.089175
110.33204
0
95.008629
0
115.02065
0
214.80245
103.39581
59.769139
214.80245
211.66463
0
121.1001
39.644225
214.80245
195.5097
101.16111
0
113.04996
0
214.80245
214.80245
0
155.57724
77.267402
201.23108
214.80245
214.80245
214.80245
90.387558
50.340052
83.573862
66.334524
85.006245
214.80245
214.80245
214.80245
29.381184
139.64601
0
137.30726
214.80245
112.9242
23.764725
137.12288
214.80245
200.98458
214.80245
57.109014
103.90758
29.064493
0
31.996868
107.69838
94.65124
21.527842
0
11.100283
214.80245
179.25843
67.345164
203.97637
214.80245
26.961733
45.697051
152.16817
195.44054
127.63475
120.39974
212.20153
0
214.80245
214.80245
119.59721
214.80245
64.22998
32.09822
185.27169
166.18607
3.1961168
208.74559
214.80245
130.55521
159.37355
68.585164
180.01189
214.80245
89.997237
85.996972
59.746429
50.419442
134.58208
0
79.313437
214.80245
0
174.63739
214.80245
141.7348
214.80245
0
0
0
214.73476
184.45056
0
0
37.874709
31.192677
214.80245
0
0
0
0
214.80245
20.654456
0
0
31.274509
201.34452
214.80245
214.80245
73.101404
0
214.80245
0
0
0
214.80245
0
0
0
0
64.932106
0
0
37.150762
0
0
88.512279
214.80245
214.80245
0
46.421453
214.80245
214.80245
214.80245
99.52896
31.585674
214.80245
214.80245
0
36.953263
201.39885
214.80245
0
0
200.66079
85.142897
99.235944
31.273829
160.04278
214.80245
214.80245
214.80245
214.80245
0
70.387726
0
0
0
214.80245
214.80245
214.80245
149.16488
3.4564417
0
0
160.08779
214.80245
118.62822
0
81.002892
214.80245
214.80245
214.80245
214.80245
214.80245
214.80245
37.547122
15.288228
0
0
159.96813
0
214.80245
214.80245
214.80245
214.80245
0
0
146.29067
0
212.87919
214.80245
214.80245
214.80245
214.80245
214.80245
214.80245
214.80245
214.80245
214.80245
214.80245
214.80245
207.01421
0
204.44395
214.80245
0
214.80245
0
23.967353
109.15446
214.80245
62.720996
54.690078
14.514147
214.80245
0
47.982498
0
214.80245
214.80245
214.80245
0
214.80245
214.80245
214.80245
214.80245
32.11568
10.443767
214.80245
98.803141
214.80245
214.80245
68.645686
0
0
0.0065844712
0
0
0
0
0
0
0
0
0
0
0
0
0
0
0
0
0
0
0
0
0
0
0
0
0
0
0
0
0
0
0
0
0
0
0
0
0
0
0
0
0
0
0
0
0
0
0
0
0
0
0
0
0
0
0
0
0
0
0
0
0
0
0
0
0
0
0
0.46145072
0
0
0
0
0.26195317
0
284.26582
0
0
0
0
0
0.088547579
0
0
0
0
0
0
0
134.10686
0
328.68351
0
306.67163
0
328.68352
0
0
0
0
0
0
306.67171
0
0
0
398.36096
328.68352
0
398.36095
0
0
0
393.77046
0
0
398.36096
393.77046
0
0
392.84509
251.65812
59.065209
189.7669
189.76691
0
0
189.76691
31.783322
305.47061
0
0
0
0
0
20.471366
31.341884
0
305.68101
0
0
0
0
0
0
0
0
0
0
245.65689
0
398.08221
0
305.68102
227.5846
0
224.41593
0
305.68101
0
398.0822
0
274.75884
274.75886
305.68101
274.74192
0
257.94393
0
257.94389
257.94399
214.78923
214.80245
214.80245
0
215.15948
214.80245
214.80245
347.05102
214.80245
214.80245
214.80245
214.80249
0
214.80245
214.80245
214.80245
214.80245
214.80244
196.15623
214.80245
214.80245
350.48877
0
6.2900314
214.80245
214.80245
214.80245
214.80245
214.80245
214.80245
0
0
175.56695
214.80245
214.80245
214.80245
214.80245
214.80245
51.316199
214.80245
214.80245
214.80245
214.80245
214.80245
214.80245
214.80245
214.80245
214.80245
350.48877
0
0
0
214.80245
214.80245
214.80245
214.80245
214.80245
166.47191
214.80245
214.80245
214.80245
214.80245
214.80245
214.80245
214.80245
214.80245
0
214.80245
214.80245
214.80245
214.80245
214.80245
214.80245
138.3698
39.59185
44.937268
12.635417
214.80245
214.80245
214.80245
214.80245
214.80245
214.80245
214.80245
214.80245
148.70711
181.23955
214.80245
214.80245
214.80245
214.80245
214.80245
194.97225
214.80245
214.80245
214.80245
214.80245
214.80245
214.80245
214.80245
214.80245
214.80245
214.80245
214.80245
214.80245
214.80245
214.80245
214.80245
214.80245
214.80245
214.80245
214.80245
214.80245
0
214.80245
214.80245
214.80245
214.80245
214.80245
214.80245
214.80245
0
214.80245
214.80245
214.80245
214.80245
214.76927
214.80245
214.80245
214.80245
214.80245
214.80245
214.80245
214.80245
214.80245
214.80245
214.80245
214.80245
214.80245
214.80245
214.80245
214.80245
0
0
0
0
0
0
0
0
0
0
241.20913
0
0
257.94381
350.48878
350.48887
0
0
202.39923
202.39922
202.39923
202.39923
202.39922
202.39922
222.68839
222.68918
222.68918
222.68917
222.68919
0
305.68101
257.94385
274.10628
350.48892
0
350.48886
0
0
0
214.80245
214.80245
214.80245
214.80245
214.80245
214.80245
214.80245
214.80245
214.80245
0
0
214.80245
214.80245
214.80245
214.80245
214.80245
214.80245
214.80245
214.80245
214.80245
214.80245
214.80245
214.80245
214.80245
214.80245
0
214.80245
214.80245
214.80245
214.80245
214.80245
214.80245
214.80245
214.80245
214.80245
214.80245
214.80245
306.67167
0
214.80245
214.80245
214.80245
214.80245
214.80245
214.80245
0
0
214.80245
214.80245
214.80245
214.80245
214.80245
214.80245
214.80245
214.80245
214.80245
214.80245
214.80245
214.80245
214.80245
214.80245
214.80245
214.80245
0
0
214.80245
214.80245
214.80245
214.80245
214.80245
214.80245
214.80245
205.39394
214.80245
214.80245
214.80245
188.11957
183.5942
134.05424
95.155112
350.48877
214.80245
214.80245
214.80245
214.80245
214.80245
214.80245
151.07839
0
214.80245
214.80245
214.80245
214.80245
0
0
214.80245
214.80245
214.80245
214.80245
393.77046
214.80245
214.80245
214.80245
393.77046
0
0
0
0
0
0
39.062534
0
124.19684
100.57581
0
73.914836
0
77.154045
87.953246
0
0
278.86204
70.147528
49.721164
0
235.34695
393.77046
0
305.68092
303.46116
0
0
93.699617
2.5723417
0
0
0
0
0
299.82119
305.681
0
0
0
0
0
0
0
0
0
305.681
257.94384
0
398.0822
305.68102
210.15838
237.63826
0
0
0
398.08218
305.68104
0
0
305.68102
0
274.75885
0
257.94387
257.9439
257.94388
0
0
0
0
0
0
0
0
0
0
0
0
0
70.147924
70.135773
214.80245
214.80245
214.80245
214.80245
214.80245
214.80245
214.80245
214.80245
214.80245
214.65253
214.80245
214.80245
214.80245
214.80245
214.80245
214.80245
214.80245
214.80245
214.80245
214.80245
214.80245
214.80245
214.80245
214.80245
214.80245
214.80245
214.80245
214.80245
214.80245
214.80245
214.80245
214.80245
214.80245
214.80245
214.80245
214.80245
0
214.80245
214.80245
214.80245
214.80245
214.80245
214.80245
214.80245
214.80245
214.80245
214.80245
214.80245
214.80245
214.80245
214.80245
215.08036
214.80245
214.83559
0
350.48407
393.77046
0
0
215.37233
214.80246
214.80245
214.80245
214.80245
214.80245
0
214.80245
214.80245
214.80245
214.80245
214.80245
214.80245
214.80245
243.67073
392.8451
0
393.77046
0
0
0
3.8346415
0
357.05451
0
0
4.7039882
70.109962
0
0
0
0
214.80245
0
0
0
0
0
0
0
372.42391
449.42943
393.77046
0
0
0
0
0
0
0
0
0
0
0
0
222.91505
222.91504
214.80245
214.80245
214.80245
214.80245
214.80245
214.80245
214.80245
214.80245
214.80245
214.80245
214.80245
214.80245
214.80245
214.80245
214.80245
0
214.80245
214.80245
214.80245
214.80245
214.80245
214.80245
214.80245
214.80245
214.80245
214.80245
214.80245
214.80245
158.10757
157.97547
214.80245
214.80245
214.80245
214.80245
214.80245
214.80245
214.80245
214.80245
214.80245
214.80245
214.80245
214.80245
214.80245
214.80245
214.80245
214.80245
214.80245
214.80245
214.80245
214.80245
214.80245
214.80245
214.80245
214.80245
214.80245
214.80245
214.80245
214.80245
214.80245
214.80245
214.80245
214.80245
214.80245
214.80245
214.80245
214.80245
214.80245
214.80245
214.80245
214.80245
214.80161
214.80245
214.80245
214.80245
214.80245
214.80245
214.80245
214.80245
214.80245
214.80245
214.80245
214.80245
214.42672
214.80245
214.80245
214.80245
214.80245
214.80245
214.80245
214.80245
214.80245
214.80245
214.80245
214.80245
214.80245
214.80245
214.80245
214.80245
214.80245
214.80245
214.80245
214.80245
214.80245
214.80245
214.80245
214.80245
214.80245
214.80245
214.80245
214.80245
214.80245
214.80245
214.80245
214.80245
214.80245
214.80245
0
5.5917803
0
0
393.77046
0
0
0
0
0
0
184.93854
0
0
0
0
0
0
393.67981
393.84388
159.45678
0
393.77046
394.01018
0
307.92406
288.49228
34.01767
16.144251
23.558269
393.76996
0
0
0
0
0
0
0
0
0
0
176.83635
452.92069
391.29986
184.99339
0
220.7887
0
0
0
0
0
414.84491
0
69.801446
0
0
212.503
0
222.69086
0
0
195.69504
0
36.191853
0
0
0
0
0
131.05409
209.96604
214.80788
0
214.69114
5.7174084
26.530486
0
0
70.147914
0
70.147924
70.147924
70.147924
70.147924
70.147924
70.147924
70.147924
70.147924
70.147924
70.147924
28.36772
0
0
0
22.315566
214.80245
214.83637
0
141.19375
0
0
284.81974
214.80324
0
214.80245
153.80369
214.80245
214.80245
214.80245
214.80444
214.80245
214.88183
214.33735
299.07875
70.147924
70.147924
70.147924
0
70.147924
70.147924
70.147924
431.20233
70.147924
70.147924
0
113.87671
258.8483
0
0
0
0
0
156.88136
0
0
0
45.666673
0
70.661662
0
0
0
0
0
311.61425
150.99908
127.24663
314.43295
0
70.147924
134.57041
0
0
0
0
442.05079
0
0
0
0
209.44574
12.726399
0
228.26295
287.24038
393.77046
0
251.96752
133.14862
0
0
0
350.05016
0
341.93285
328.62146
0
0
0
0
0
0
0
0
25.277627
0
18.774323
71.252605
37.878211
15.510393
0
0
0
150.26515
0
0
0
305.34624
45.720439
0
0
51.49257
140.55092
0
267.58516
31.772544
282.79395
2.7518533
253.16205
30.700394
164.92416
221.8112
0.12871098
209.43808
0
0
0.16072957
0
0
29.93719
116.94977
268.69683
466.41576
0
1.2713527
42.344284
0.095546886
0
8.9901456
368.92732
0
216.46631
29.879586
0
0
0
0
0
0
0
75.02313
0
20.089343
0
0
0
104.91438
0
57.132724
0
120.00028
23.423071
24.949707
0
0
109.98925
14.935901
5.992382
0
201.32875
6.9666258
181.17352
397.26273
209.37365
30.390704
469.09503
0.14970397
2.8180716
7.8655575
33.792974
4.3156839
19.847015
6.3890219
6.0016434
21.50062
60.528732
42.311223
24.704842
122.70713
266.85094
16.40952
0
424.41258
38.616925
481.88281
0
10.431435
148.71459
12.157654
1.9908862
0
104.20575
30.053139
0
1.7985959
0
80.578865
443.78768
11.294609
26.693662
0
0
292.31717
466.18501
0
0
106.25253
7.5541191
103.03416
25.512814
230.76638
413.13501
159.27255
57.840129
555.94191
218.09091
25.326889
0
14.825203
0
0
0
0
0
0
87.438348
0
0
0
41.293797
34.69843
0
25.517713
0
55.570959
40.7779
0
0
14.694746
0
205.3465
0
10.55695
0
0
0
0
22.549778
0
30.864281
3.12998
268.13594
213.38704
52.033355
53.634117
172.96668
0.22056459
85.231925
250.16594
235.95663
9.6755692
4.2717985
16.867018
248.23494
141.52439
23.576312
201.62752
58.618981
0
1.2351881
25.88765
13.207568
316.90605
502.59913
446.37355
186.68523
406.41667
6.4532281
450.21306
454.63817
158.23661
17.968502
409.16819
33.208064
279.81748
42.744993
0
36.964176
53.608862
354.0689
42.48803
30.123232
54.813783
5.0419176
16.137609
1.2879765
389.4464
31.277638
24.402595
0.061797887
0
180.46832
0.24260024
0
0
389.92303
0
0
0
0
0
11.70646
0
0
165.70159
0
0
34.552549
0.881664
12.654282
0
0
50.625826
61.196026
32.428796
0
17.178442
347.74911
21.583479
3.0287622
15.685232
33.358708
0
17.475504
481.32195
22.196319
338.03653
0
0
0
0
13.55212
352.45213
229.27933
117.50285
112.31106
16.184557
29.845679
39.574683
0
221.39197
412.21325
6.3327014
0
0
26.02194
0
481.68951
0
23.357324
38.938183
44.53894
35.182153
0
9.7123546
7.2542722
96.306636
34.360555
0
14.504484
31.049298
170.42415
36.249228
83.756635
0
0
194.07004
13.361329
0
0
0
103.99118
9.8389437
455.0861
30.105871
22.174878
0
309.37575
0
15.681128
477.46906
461.39335
333.17239
67.367439
0
10.373448
383.53054
0
208.4284
43.936991
40.962776
37.202119
0
5.863738
472.02313
92.624403
0
72.020234
47.562815
398.53807
0
0
13.030551
420.16309
23.316746
1.324592
0
0
67.58894
0
9.4368114
11.293254
118.79342
74.32203
134.08185
40.263788
9.6159666
0
0
10.260415
0
2.8295841
29.281741
10.990418
75.076511
37.408
22.868001
192.14349
8.1687082
328.61074
7.0947116
0
8.5427466
83.137482
82.372418
429.22169
137.77953
251.10524
120.0752
462.82847
219.55245
53.272322
21.206858
48.316774
178.09936
26.417842
66.173388
34.768195
276.91082
168.23488
42.996751
481.44683
382.87259
124.06117
41.881857
38.989669
25.302088
172.47026
439.32065
20.4514
441.06053
5.6238728
69.222586
0.21999913
148.02196
179.50502
151.99475
1.2640218
147.06441
4.0987198
22.41198
83.775952
390.48196
499.18333
339.37067
403.03113
53.936279
460.83671
43.479608
437.45215
12.372057
118.15832
0
0
2.8713596
0
45.967047
51.664382
102.01
0
14.323481
5.2070585
0.95272537
227.77935
348.48019
328.57419
0
389.74271
45.490552
426.8716
482.26469
452.02778
0
52.100619
0
299.3475
518.08831
0
0
1.529925
18.827989
0
80.202967
0
480.53062
331.57223
8.4001522
199.68432
458.20967
34.121705
44.762449
49.836841
11.524753
28.880814
1.8543113
9.9805554
23.138946
37.997122
38.655303
0
533.48046
125.52749
149.84035
469.30924
29.694024
67.674416
36.017039
441.57811
0
0
0
10.818584
2.1767132
0
570.72666
198.30736
59.580743
332.85358
18.120324
48.612396
463.73036
142.20449
88.924186
99.311332
590.37462
49.608865
4.3606006
70.758856
351.60506
11.869417
0
133.57885
28.87922
40.026577
18.894926
0
467.57117
0
227.28855
0
313.88826
25.712524
0
33.598337
0
7.5380146
351.38748
2.8870822
23.22415
19.326929
0
393.32329
55.22585
402.95798
342.78829
47.89332
109.90907
)


2023
(
0
0
0
0
0
0
0
0
0
0
0
0
0
0
0
0
0
0
0
0
0
0
0
0
0
0
0
0
448.43664
448.43664
448.43664
448.43664
448.43664
448.43664
448.43664
448.43664
448.43664
448.43664
448.43664
448.43664
448.43664
448.43664
448.43664
448.43664
448.43664
448.43664
448.43664
448.43664
448.43664
448.43664
448.43664
448.43664
448.43664
448.43664
448.43664
448.43664
448.43664
448.43664
448.43664
448.43664
448.43664
448.43664
448.43664
448.43664
448.43664
448.43664
448.43664
448.43664
448.43664
448.43664
448.43664
448.43664
448.43664
448.43664
448.43664
448.43664
448.43664
448.43664
448.43664
448.43664
448.43664
448.43664
448.43664
448.43664
448.43664
384.35189
448.43664
448.43664
355.0024
330.31179
448.43664
448.43664
448.43664
356.09295
215.98784
327.14009
448.43664
448.43664
448.43664
448.43664
448.43664
448.43664
349.70202
272.42215
448.43664
448.43664
24.198316
106.45425
234.82473
448.43664
448.43664
448.43664
448.43664
448.43664
448.43664
448.43664
448.43664
448.43664
28.94109
106.53407
366.44379
349.15056
318.60784
448.43664
448.43664
372.83145
292.4604
62.3991
97.973104
437.07525
448.43664
448.43664
413.53465
151.81578
433.47669
448.43664
0.30778958
284.83477
344.3267
448.43664
275.81907
448.43664
439.65407
448.43664
448.43664
448.43664
448.43664
249.48847
257.29113
387.89001
0.043335206
411.30633
275.01573
448.43664
448.43664
448.43664
448.43664
448.43664
301.9515
448.43664
448.43664
448.43664
416.89441
1.1721459
101.96361
394.39302
448.43664
448.43664
45.122808
225.72774
439.92062
167.92146
240.35743
421.20272
277.52623
448.43664
432.53309
448.43664
448.43664
448.43664
448.43664
448.43664
448.43664
403.7557
435.85996
421.35903
448.43664
448.43664
142.77268
301.37985
448.43664
422.90217
369.42096
270.5144
448.43664
283.94787
436.25726
283.57904
437.17139
448.43664
448.43664
448.43664
263.79185
203.13638
448.43664
266.06171
434.38954
420.16613
448.43664
340.86648
448.43664
448.43664
114.75164
0
347.67739
448.43664
399.10773
287.3077
288.52154
448.43664
448.43664
155.69794
189.3189
118.8086
448.43664
448.43664
404.75326
448.43664
448.43664
448.43664
448.43664
448.43664
102.41267
0
133.45138
393.37817
74.973431
0
281.53824
409.33706
0
49.661978
448.43664
0
448.43664
289.065
448.43664
448.43664
404.7102
448.43664
41.632459
0
229.53968
223.78498
0
210.60106
396.95365
448.43664
0
386.48741
416.90182
242.74354
0
244.95303
68.288551
448.43664
448.43664
448.43664
433.45549
0
0
119.69371
448.43664
448.43664
255.41429
0
448.43664
0
339.82469
448.43664
448.43664
448.43664
329.03415
160.79971
264.73164
0
0
448.43664
0
297.98802
448.43664
440.81641
0
0
264.59181
362.98665
448.43664
48.759638
326.86822
448.43664
448.43664
448.43664
448.43664
448.43664
412.22672
287.57476
446.39085
0
264.88767
0
314.99066
46.815863
448.43664
448.07113
124.77824
448.43664
448.43664
121.73882
324.86692
282.17423
448.43664
448.43664
344.44779
148.30741
204.46417
17.963849
448.43664
448.43664
0
448.43664
448.26588
448.43664
448.43664
448.43664
448.43664
345.52216
34.608675
348.60413
84.844722
438.83932
448.43664
448.43664
448.43664
259.23632
360.58736
153.14882
138.6526
368.08684
447.52937
49.80265
357.81358
448.43664
448.43664
448.43664
233.1755
367.30379
198.09949
0
22.686859
20.671116
424.74075
388.3381
441.95446
46.668282
448.43664
418.45569
170.57747
400.83234
448.43664
430.11909
206.28619
412.76508
448.43664
366.16294
413.87281
405.7039
117.98696
448.43664
448.43664
374.80156
442.7803
424.63367
5.0983757
338.78772
359.57673
362.41719
410.95567
448.43664
371.64888
332.71939
348.67986
348.86342
448.43664
329.10866
180.34995
195.25865
291.63676
441.35407
81.890074
149.92898
448.43664
0
385.71701
448.43664
400.36367
448.43664
124.36207
0
0
322.11754
446.643
448.43664
0
79.069897
0
448.43664
0
0
0
0
448.43664
172.84964
385.25678
93.497906
196.01751
448.43664
448.43664
448.43664
152.61161
0
448.43664
201.62727
105.75256
0
448.43664
0
448.43664
0
0
448.43664
69.394207
0
303.5501
104.31101
0
343.36774
448.43664
448.43664
124.21752
366.61767
448.43664
448.43664
448.43664
448.43664
0
448.43664
448.43664
261.99308
303.82608
448.43664
448.43664
124.82611
0
411.48263
407.83481
448.43664
196.0045
395.12143
448.43664
448.43664
448.43664
448.43664
54.53389
448.43664
0
105.71832
0
448.43664
448.43664
448.43664
410.58344
127.70345
0
165.38828
425.61082
448.43664
374.16235
168.22099
357.39433
448.43664
448.43664
448.43664
448.43664
448.43664
448.43664
306.98515
224.15045
140.76287
0
374.67267
0
448.43664
448.43664
448.43664
448.43664
102.49849
0
384.42899
170.46032
448.43664
448.43664
448.43664
448.43664
448.43664
448.43664
448.43664
448.43664
414.70821
375.097
448.43664
448.43664
391.91575
0
376.78907
448.43664
43.015917
448.43664
0
50.035926
263.9931
448.43664
198.27048
95.388648
71.367035
448.43664
183.24412
100.17162
49.975152
448.43664
448.43664
448.43664
148.01159
448.43664
448.43664
381.09017
448.43664
248.81519
274.73428
448.43664
329.01553
448.43664
448.43664
193.92765
0
0
0.092060224
130.39843
0
0
0
0
0
0
0
0
0
0
0
0
0
0
0
0
0
0
0
0
0
0
0
0
0
0
0
0
0
0
0
0
0
0
0
0
0
0
0
0
0
0
0
0
0
0
0
0
0
0
0
0
0
0
0
0
0
0
0
0
0
0
0
0
0
0
307.47896
564.18171
487.18855
0
0
2.1266871
0
311.77631
0
0
0
429.61994
231.8518
0.29150032
0
0
0
0
0
0
0
237.56102
0
464.75291
0
441.07929
0
464.75292
0
0
0
0
0
0
441.07941
0
0
0
510.57347
464.75292
0
510.57346
0
0
0
522.51955
0
0.13762675
510.57346
522.51955
0
0
522.16549
273.86864
24.472457
186.64365
186.64366
0
0
186.64365
7.5337912
439.9936
0
0
0
0
0
24.789763
24.839321
0
439.9936
0
0
0
0
0
0
0
0
0
0
282.89782
0
509.70973
0
439.99361
282.89787
0
282.89774
0
439.99359
0
509.70972
0
307.24161
307.24165
439.99359
307.22154
0
282.89801
0
282.89796
282.89816
448.42115
448.43664
448.43664
0
448.89059
448.43664
448.43664
487.62677
448.43664
448.43664
448.43664
448.43662
0
448.43664
448.43664
448.43664
448.43664
448.43664
284.31576
448.43664
448.43664
487.08542
0
359.99971
448.43664
448.43664
448.43664
448.43664
448.43664
448.43664
0
299.52469
448.43664
448.43664
448.43664
448.43664
448.43664
448.43664
448.43664
448.43664
448.43664
448.43664
448.43664
448.43664
448.43664
448.43664
448.43664
448.43664
487.08541
0
50.817665
448.43664
448.43664
448.43664
448.43664
448.43664
448.43664
448.43664
448.43664
448.43664
448.43664
448.43664
448.43664
448.43664
448.43664
448.43664
274.77148
448.43664
448.43664
448.43664
448.43664
448.43664
448.43664
437.51022
27.631249
317.00892
448.43664
448.43664
448.43664
448.43664
448.43664
448.43664
448.43664
448.43664
448.43664
448.43664
448.43664
448.43664
448.43664
448.43664
448.43664
448.43664
350.44817
448.43664
448.43664
448.43664
448.43664
448.43664
448.43664
448.43664
448.43664
448.43664
448.43664
448.43664
448.43664
448.43664
448.43664
448.43664
448.43664
448.43664
448.43664
448.43664
448.43664
100.6225
448.43664
448.43664
448.43664
448.43664
448.43664
448.43664
448.43664
0
448.43664
448.43664
448.43664
448.43664
448.38494
448.43664
448.43664
448.43664
448.43664
448.43664
448.43664
448.43664
448.43664
448.43664
448.43664
448.43664
448.43664
448.43664
448.43664
448.43664
0
0
0
0
0
0
0
0
0
0
282.89796
0
0
282.89777
487.08541
487.08558
0
0
440.18291
440.1829
440.1829
440.1829
440.1829
440.1829
447.26167
447.26145
447.26145
447.26144
447.26146
0
439.99359
282.89788
474.73631
487.0857
0
487.0856
0
0
0
448.43664
448.43664
448.43664
448.43664
448.43664
448.43664
448.43664
448.43664
448.43664
0
0
448.43664
448.43664
448.43664
448.43664
448.43664
448.43664
448.43664
448.43664
448.43664
448.43664
448.43664
448.43664
448.43664
448.43664
0
448.43664
448.43664
448.43664
448.43664
448.43664
448.43664
448.43664
448.43664
448.43664
448.43664
448.43664
441.07933
0
448.43664
448.43664
448.43664
448.43664
448.43664
448.43664
0
0
448.43664
448.43664
448.43664
448.43664
448.43664
448.43664
448.43664
448.43664
448.43664
448.43664
448.43664
448.43664
448.43664
448.43664
448.43664
448.43664
0
0
448.43664
448.43664
448.43664
448.43664
448.43664
448.43664
448.43664
448.43664
448.43664
448.43664
448.43664
448.43664
424.94557
403.51079
411.07013
487.08537
448.43664
448.43664
448.43664
448.43664
448.43664
448.43664
396.62695
0
448.43664
448.43664
448.43664
448.43664
0
0
448.43664
448.43664
448.43664
448.43664
522.51955
448.43664
448.43664
448.43664
522.51955
0
0
0
0
0
0
24.472457
0
114.12318
68.850778
0
80.803576
0
46.828503
80.016121
0
0
313.2274
24.472303
20.552837
0
522.49086
522.51955
0
439.99352
439.99356
0
0
180.87175
39.298071
0
124.1434
0
26.915685
35.55181
439.99363
439.99359
0
0
0
0
0
0
0
0
0
439.99359
282.89788
0
509.70971
439.9936
282.8978
282.89794
0
0
0
509.70967
439.99364
0
0
439.99361
0
307.24166
0
282.8979
282.89801
282.89793
0
0
0
0
0
0
0
0
0
0
0
0
0
24.472457
24.456404
448.43664
448.43664
448.43664
448.43664
448.43664
448.43664
448.43664
448.43664
448.43664
448.28752
448.43664
448.43664
448.43664
448.43664
448.43664
448.43664
448.43664
448.43664
448.43664
448.43664
448.43664
448.43664
448.43664
448.43664
448.43664
448.43664
448.43664
448.43664
448.43664
448.43664
448.43664
448.43664
448.43664
448.43664
448.43664
448.43664
0
448.43664
448.43664
448.43664
448.43664
448.43664
448.43664
448.43664
448.43664
448.43664
448.43664
448.43664
448.43664
448.43664
448.43664
448.56894
448.43664
448.48647
0
487.08629
522.51955
0
0
449.44124
448.43666
448.43664
448.43664
448.43664
448.43664
0
448.43664
448.43664
448.43664
448.43664
448.43664
448.43664
448.43664
194.08817
522.1655
0
522.51955
130.3264
62.450341
0
0
0
456.30235
0
0
0
24.41293
0
0
0
0
448.43664
0
0
0
0
0
0
0
490.5307
678.67324
522.51955
0
0
0
0
0
0
0
0
0
0
0
0
409.02939
409.02938
448.43664
448.43664
448.43664
448.43664
448.43664
448.43664
448.43664
448.43664
448.43664
448.43664
448.43664
448.43664
448.43664
448.43664
448.43664
0
448.43664
448.43664
448.43664
448.43664
448.43664
448.43664
448.43664
448.43664
448.43664
448.43664
448.43664
448.43664
386.42009
386.24489
448.43664
448.43664
448.43664
448.43664
448.43664
448.43664
448.43664
448.43664
448.43664
448.43664
448.43664
448.43664
448.43664
448.43664
448.43664
448.43664
448.43664
448.43664
448.43664
448.43664
448.43664
448.43664
448.43664
448.43664
448.43664
448.43664
448.43664
448.43664
448.43664
448.43664
448.43664
448.43664
448.43664
448.43664
448.43664
448.43664
448.43664
448.43664
448.43664
448.43664
448.43549
448.43664
448.43664
448.43664
448.43664
448.43664
448.43664
448.43664
448.43664
448.43664
448.43664
448.43664
447.97584
448.43664
448.43664
448.43664
448.43664
448.43664
448.43664
448.43664
448.43664
448.43664
448.43664
448.43664
448.43664
448.43664
448.43664
448.43664
448.43664
448.43664
448.43664
448.43664
448.43664
448.43664
448.43664
448.43664
448.43664
448.43664
448.43664
448.43664
448.43664
448.43664
448.43664
448.43664
448.43664
448.43664
0
0.8439267
0
0
522.51955
0
0
0
0
0
0
417.35996
0
0
0
0
0
0
522.34351
522.70837
102.20273
0
522.51955
431.10709
0
384.65168
410.85529
47.711917
10.44922
0
522.51845
0
0
0
0
0
0
0
0
0
0
249.96039
663.10731
516.50733
155.48059
0
293.59902
0
0
0
0
0
671.80791
0
0
0
0
454.04403
0
447.26192
0
0
376.64808
0
112.37493
0
0
92.415392
0
69.698492
441.51524
307.41092
174.87153
0
448.32771
1.4173427
31.904221
0
0
24.472426
0
24.472457
24.472457
24.472457
24.472457
24.472457
24.472457
24.472457
24.472457
24.472457
24.472457
11.742444
0
0
0
14.078744
448.43664
448.47127
0
448.40301
0
0
546.21266
448.43731
0
448.43664
334.03396
448.43664
448.43664
448.43664
448.43935
448.43664
448.53039
447.76431
563.36199
24.472457
24.472457
24.472457
0
24.472457
24.472457
24.472457
593.39634
24.472457
24.472457
0
290.69488
340.97293
0
0
0
0
425.59782
303.81956
0
0
121.7499
178.06001
0
25.287663
0
0
0
0
0
558.0227
347.60016
339.46362
562.4503
0
24.472457
350.1557
0
0
0
0
614.72875
0
0
397.41908
0
441.67446
182.47986
0
388.40362
362.67249
522.51955
0
426.10281
159.69435
0
309.4603
0
615.41554
0
611.27497
455.2265
0
0
0
0
11.085417
0
15.319373
41.179462
16.761051
0
17.405056
73.487526
92.039224
35.815781
0
0
0
84.869577
0
25.779643
41.624424
500.04461
31.022276
0
0
34.196735
392.91854
18.422257
474.51494
53.240636
515.83684
133.8428
359.4485
26.558124
510.08967
513.60237
105.7174
569.0865
0
16.460402
15.669376
0
78.053204
57.94476
473.16606
517.93448
725.86041
0
24.272378
3.6374835
21.0211
21.152813
33.409797
836.4312
6.6215679
378.92427
175.06332
0
60.872748
12.717994
0
27.038076
0
0
108.40012
0
16.638123
19.321265
0
0
112.15969
31.553049
129.9085
0
100.55548
74.094078
58.650511
0
0
147.99618
39.524028
5.9075447
16.216967
458.89036
133.34184
471.83825
695.47944
455.37331
6.9298656
676.4375
147.43676
147.62722
93.042854
184.18234
21.491094
154.82337
126.13979
10.110527
3.7200179
262.76571
46.796578
123.1703
411.37997
493.90537
66.584978
0
562.32268
31.341341
736.35271
0
44.368919
453.4077
43.843755
13.678099
62.024677
326.04991
12.843716
36.41244
79.313767
0
227.42162
725.96172
105.51889
16.667075
0
0
382.80076
670.89174
0
0
111.03903
41.789538
65.090506
43.471053
192.76235
593.64821
548.91867
249.83753
762.14263
396.27756
37.119976
35.875107
9.5800386
0
21.427299
0
46.470675
59.587711
29.561224
205.79428
0
0
0
27.85062
63.137793
0
88.927044
0
22.8134
79.436518
0
0
66.988555
0
149.97517
0
121.85426
71.754681
0
0
0
0
45.315546
54.368146
24.325863
445.60285
502.48315
228.67885
227.29964
414.44463
67.72658
444.91164
813.77382
507.55197
68.359946
115.36804
24.259016
555.39711
264.7857
145.23534
613.68256
200.26289
44.356414
43.044521
213.80701
1.1065596
626.88855
726.33081
613.04111
459.89144
563.1611
146.24576
691.60958
729.6258
390.12637
6.0995163
531.35462
29.586879
562.96793
43.468658
0
30.506077
186.07878
703.0566
40.909716
32.884195
83.307292
104.03388
64.496077
15.894317
485.0249
0.36572877
28.230793
17.275751
35.082734
223.24656
26.430214
71.274728
12.755256
616.59881
0
0
51.764053
6.2167562
49.957246
18.522852
25.756812
15.831047
311.59534
37.318996
0
271.15379
3.1888628
35.689937
0
30.924853
57.381944
60.660806
1.0065086
19.112476
0
615.25337
34.447421
46.606407
22.774628
23.943645
15.505665
0
716.06389
43.543525
552.49526
0
32.044093
0
30.424752
25.3909
454.0602
417.99603
413.034
117.40408
59.586764
12.729907
123.27566
0
227.39799
658.22452
30.908647
0
0
84.832292
0
684.97236
257.76153
15.064011
69.739103
61.087849
37.94027
0
100.2264
60.989672
164.20328
26.160762
0
21.117227
49.338865
340.17294
29.857804
50.362421
14.319192
7.3800979
149.09189
0
0
0
0
11.964421
12.463948
706.57779
136.34407
32.314326
41.720863
327.34601
0
47.132545
703.92421
652.60852
346.11385
18.066369
0
26.328476
508.02687
0
219.07949
68.344332
68.558161
63.548191
0
20.052365
669.27131
145.90066
0
153.7888
91.743307
497.67673
0
0
60.930701
513.93154
89.014019
27.229328
0
8.4579953
251.23164
23.571263
66.674811
94.089212
243.3591
104.00984
81.876073
22.401123
64.879944
0
0
25.532453
0
24.29803
34.112168
24.51673
35.225158
1.3180243
105.51927
255.83713
13.721719
548.44116
0
0
39.066496
103.17946
72.434148
797.8918
250.3485
465.15562
268.45478
739.60057
546.76881
107.11354
38.172223
9.2517021
579.38162
56.997538
303.86639
42.805778
536.50863
328.47638
41.892424
747.10314
576.09912
331.64772
31.938683
28.326643
23.813874
441.42306
720.6538
6.4427949
764.30315
84.686644
257.53342
133.03117
356.97824
353.7782
398.8587
54.44539
312.42061
73.676924
95.347011
234.80846
720.46358
703.12433
630.34914
690.42754
207.56896
583.01213
9.002046
729.36453
17.835583
141.24049
0
1.4962129
63.718407
10.561019
100.32828
144.09719
309.81419
0
24.451648
6.6203087
9.7162779
410.62276
459.2289
336.46313
0
492.21357
30.656994
528.12735
661.36534
627.18112
0
38.985187
0
628.14029
758.8982
0
0
100.27048
36.29209
0
31.178226
0
687.23861
340.08446
49.282815
164.68105
652.52913
36.411747
29.566107
79.6537
67.881908
7.8704684
7.3492142
16.867039
29.812061
24.497835
38.357764
16.038755
801.50565
375.98223
171.20765
754.35704
74.755801
231.05949
69.583583
724.53725
0
0
0
0
9.7479
32.86897
952.64013
417.66237
52.134764
633.43453
48.996133
55.026081
785.29059
335.01673
311.30537
124.17911
953.22251
208.72479
136.4932
288.20368
704.32014
50.772617
0
231.15398
35.966984
41.143711
75.761308
0
688.98859
0
634.34637
0
318.33796
59.577677
17.200889
1.7385005
0
74.999142
419.06325
20.668684
59.409718
0
0
730.39408
172.08597
591.28964
629.50176
227.81483
296.61613
)


2023
(
0
0
0
0
0
0
0
0
0
0
0
0
0
0
0
0
0
0
0
0
0
0
0
0
0
0
0
0
610.55298
610.55298
610.55298
610.55298
610.55298
610.55298
610.55298
610.55298
610.55298
610.55298
610.55298
610.55298
610.55298
610.55298
610.55298
610.55298
610.55298
610.55298
610.55298
610.55298
610.55298
610.55298
610.55298
610.55298
610.55298
610.55298
610.55298
610.55298
610.55298
610.55298
610.55298
610.55298
610.55298
610.55298
610.55298
610.55298
610.55298
610.55298
610.55298
610.55298
610.55298
610.55298
610.55298
610.55298
610.55298
610.55298
610.55298
610.55298
610.55298
610.55298
610.55298
610.55298
610.55298
610.55298
610.55298
610.55298
610.55298
523.30066
610.55298
610.55298
519.67767
511.36005
610.55298
610.55298
610.55298
558.05616
610.47475
442.69827
447.15618
571.82993
592.63167
610.55298
610.55298
610.55298
519.47021
461.22135
609.00984
610.55298
230.87265
167.37996
124.6708
610.55298
596.19519
610.55298
610.55298
610.55298
610.55298
610.55298
610.55298
610.55298
231.26574
219.12325
489.64724
257.62544
356.64327
610.55298
610.55298
536.01878
610.55298
271.33075
219.22312
591.92727
610.55298
610.55298
610.55298
340.91418
590.18479
610.55298
0.286607
262.1402
482.92187
610.55298
470.86104
530.58475
586.61784
610.55298
610.55298
610.55298
610.55298
442.13608
420.82526
548.16481
0.35584945
607.85471
355.40741
610.55298
610.55298
610.55298
610.55298
610.55298
499.01027
610.55298
610.55298
610.55298
610.55298
234.40067
100.8069
575.6055
610.55298
610.55298
331.30523
480.64987
610.55298
379.63854
446.64291
606.75069
494.28844
610.55298
550.06284
610.55298
610.55298
610.55298
610.55298
610.55298
610.55298
610.55298
605.19103
575.64559
610.55298
610.55298
324.26003
447.41186
610.55298
581.11478
495.58592
404.23761
610.55298
386.59913
578.16712
295.03665
551.94377
610.55298
610.55298
610.55298
444.83633
374.66982
610.55298
376.03915
520.7665
610.55298
610.55298
375.17993
610.55298
610.55298
314.16293
0
557.87581
610.55298
564.85029
427.51579
328.48726
610.55298
610.55298
319.4559
106.07576
225.35338
524.20371
610.55298
551.07743
610.55298
610.55298
610.55298
610.55298
610.55298
39.313261
0
181.69599
610.55298
207.52945
0
277.42075
536.13716
0
67.615503
610.55298
0
558.44788
362.15761
610.55298
610.55298
584.4568
610.55298
125.24117
0
312.5216
383.95201
0
0
567.65741
610.55298
111.84666
574.71222
525.16341
383.45087
0
420.29428
279.626
610.55298
610.55298
610.55298
522.51226
93.119574
0
162.96472
610.55298
610.55298
438.24504
0
610.55298
58.631226
573.75751
610.55298
610.55298
610.55298
560.07825
314.52869
454.23669
0
0
610.55298
0
543.31582
610.55298
460.27478
0
0
453.99099
393.62877
610.55298
167.57479
555.83874
610.55298
610.55298
610.55298
610.55298
610.55298
596.29361
531.04763
443.00276
0
431.0386
0
353.18646
113.09794
610.55298
465.68455
169.88739
610.55298
610.55298
366.52725
444.52181
573.06499
610.55298
610.55298
550.60343
339.50542
186.92445
0
610.55298
610.55298
0
610.55298
576.27544
610.55298
610.55298
610.55298
610.55298
593.83891
473.36449
610.55151
68.117842
597.48609
610.55298
610.55298
610.55298
514.7184
610.5508
138.22568
291.94825
474.01898
610.55217
497.39817
558.93317
607.14434
610.55298
610.55298
459.44693
553.42654
445.63477
170.92165
257.14497
145.59572
585.40894
487.63237
576.27992
208.30793
610.55298
610.26333
252.04911
595.11562
610.55298
608.4094
356.9346
566.54202
610.55298
605.02781
610.55298
591.53329
497.83056
610.55298
610.55298
574.30892
603.06853
587.14836
255.18984
455.38054
404.29062
610.55298
576.4307
610.55298
583.29539
253.70793
602.85224
414.91357
610.55298
575.26686
337.24419
262.10553
516.90614
610.4023
392.55705
204.13047
610.55298
0
602.66996
610.55298
554.19034
610.55298
278.10478
0
0
291.37013
610.54485
610.55298
193.46489
322.8015
88.661848
610.55298
0
0
0
0
610.55298
379.55536
610.55298
421.18283
400.39608
610.55298
610.55298
610.55298
334.48799
0
610.55298
492.673
323.77272
56.768038
610.55298
0
610.55298
134.80514
0
610.55298
610.55298
326.46717
530.92752
418.84893
88.191469
557.17057
610.55298
610.55298
455.88787
602.8824
610.55298
610.55298
610.55298
610.55298
0
610.55298
610.55298
526.72007
531.35623
610.55298
610.55298
456.87285
84.304876
590.44187
597.67958
610.55298
400.36699
600.23428
610.55298
610.55298
610.55298
610.55298
356.02548
610.55298
341.00526
323.7223
56.761228
610.55298
610.55298
610.55298
589.33324
424.77642
0
431.17299
600.219
610.55298
567.75687
345.10567
593.20666
610.55298
610.55298
610.55298
610.55298
610.55298
610.55298
558.92949
393.29229
383.87268
175.71254
537.68839
181.08761
610.55298
610.55298
610.55298
610.55298
210.0711
242.82741
559.49008
465.78306
610.55298
610.55298
610.55298
610.55298
610.55298
610.55298
610.55298
610.55298
515.87553
282.93227
610.55298
610.55298
429.80939
0
382.82343
610.55298
244.97182
610.55298
0
68.124638
208.34209
610.55298
150.9239
31.935713
139.29212
610.55298
97.351876
136.38512
277.66105
610.55298
610.55298
391.41891
42.895991
79.519131
610.55298
592.95623
0
321.874
396.94215
610.55298
367.66945
610.55298
0
433.359
0
0
0.62719961
68.758085
0
0
0
0
0
0
0
0
0
0
0
0
0
0
0
0
0
0
0
0
0
0
0
0
0
0
0
0
0
0
0
0
0
0
0
0
0
0
0
0
0
0
0
0
0
0
0
0
0
0
0
0
0
0
0
0
0
0
0
0
0
0
0
0
0
0
213.64052
544.86634
452.43194
0
0
6.9700758
0
185.86313
0
0
0
604.56776
265.56525
0
0
0
0
0
0
0
0
268.51813
0
435.4041
0
420.36885
0
435.40412
0
0
0
0
0
0
420.36895
0
0
0
427.80354
435.40412
0
427.80354
0
0
0
456.67146
0
39.646905
427.80354
456.67146
0
0
457.2548
177.98466
0
96.544109
96.544123
0
0
96.544107
0
419.65374
0
0
0
10.529389
0
0
0
0
419.65374
48.705592
48.705592
48.705592
48.705592
48.705592
48.705592
48.705592
48.705592
48.710107
0
186.57913
0
426.54413
0
419.65374
186.57921
0
186.57906
0
419.65372
0
426.54412
0
209.92984
209.92989
419.65372
209.91655
0
186.57932
0
186.57931
186.57955
610.54155
610.55298
610.55298
0
610.93013
610.55298
610.55298
448.61038
610.55298
610.55298
610.55298
610.55289
0
610.55298
610.55298
610.55298
610.55298
610.55298
187.93589
610.55298
610.55298
448.17728
386.14203
610.55298
610.55298
610.55298
610.55298
610.55298
610.55298
610.55298
0
610.55298
610.55298
610.55298
610.55298
610.55298
610.55298
610.55298
610.55298
610.55298
610.55298
610.55298
610.55298
610.55298
610.55298
610.55298
610.55298
610.55298
448.17727
356.27661
564.28244
610.55298
610.55298
610.55298
610.55298
610.55298
610.55298
610.55298
610.55298
610.55298
610.55298
610.55298
610.55298
610.55298
610.55298
610.55298
610.55298
610.55298
610.55298
610.55298
610.55298
610.55298
610.55298
448.17722
430.89455
610.55298
610.55298
610.55298
610.55298
610.55298
610.55298
610.55298
610.55298
610.55298
610.55298
610.55298
610.55298
610.55298
610.55298
610.55298
610.55298
610.55298
610.55298
610.55298
610.55298
610.55298
610.55298
610.55298
610.55298
610.55298
610.55298
610.55298
610.55298
610.55298
610.55298
610.55298
610.55298
610.55298
610.55298
610.55298
610.55298
610.55298
610.55298
183.63145
610.55298
610.55298
610.55298
610.55298
610.55298
610.55298
610.55298
0
610.55298
610.55298
610.55298
610.55298
593.14654
610.55298
610.55298
610.55298
610.55298
610.55298
610.55298
610.55298
610.55298
610.55298
610.55298
610.55298
610.55298
610.55298
610.55298
610.55298
0
0
0
0
0
48.705592
48.705592
48.705592
48.705592
0
186.5793
0
0
186.57902
448.17726
448.17748
0
0
611.1781
611.1781
611.1781
611.1781
611.1781
611.17809
597.09184
597.09025
597.09024
597.09024
597.09026
0
419.65373
186.57919
448.17742
448.17765
0
448.17753
0
0
0
610.55298
610.55298
610.55298
610.55298
610.55298
610.55298
610.55298
610.55298
610.55298
0
0
610.55298
610.55298
610.55298
610.55298
610.55298
610.55298
610.55298
610.55298
610.55298
610.55298
610.55298
610.55298
610.55298
610.55298
0
610.55298
610.55298
610.55298
610.55298
610.55298
610.55298
610.55298
610.55298
610.55298
610.55298
610.55298
420.36886
0
610.55298
610.55298
610.55298
610.55298
610.55298
610.55298
0
0
610.55298
610.55298
610.55298
610.55298
610.55298
610.55298
610.55298
610.55298
610.55298
610.55298
610.55298
610.55298
610.55298
610.55298
610.55298
610.55298
0
0
610.55298
610.55298
610.55298
610.55298
610.55298
610.55298
610.55298
610.55298
610.55298
610.55298
610.55298
610.55298
610.55298
610.55298
610.55298
448.1772
610.55298
610.55298
610.55298
610.55298
610.55298
610.55298
610.55298
0
610.55298
610.55298
610.55298
610.55298
0
0
610.55298
610.55298
610.55298
610.55298
456.67146
610.55298
610.55298
610.55298
456.67146
0
0
0
0
0
0
0
0
70.909316
37.437318
0
48.518653
0
28.118216
42.99949
0
0
0
0
0
4.7056842
456.61938
456.67146
0
419.65372
419.65367
0
0
203.84809
58.263354
0
184.05511
0
39.905219
52.709335
419.65379
419.65372
0
0
0
0
0
0
0
0
0
419.65373
186.5792
0
426.54411
419.65372
186.57907
186.57929
0
0
0
426.54406
419.65377
0
0
419.65374
0
209.92992
0
186.57921
186.57938
186.57926
0
0
0
0
0
0
0
0
0
0
0
0
0
0
0
610.55298
610.55298
610.55298
610.55298
610.55298
610.55298
610.55298
610.55298
610.55298
610.47378
610.55298
610.55298
610.55298
610.55298
610.55298
610.55298
610.55298
610.55298
610.55298
610.55298
610.55298
610.55298
610.55298
610.55298
610.55298
610.55298
610.55298
610.55298
610.55298
610.55298
610.55298
610.55298
610.55298
610.55298
610.55298
610.55298
0
610.55298
610.55298
610.55298
610.55298
610.55298
610.55298
610.55298
610.55298
610.55298
610.55298
610.55298
610.55298
610.55298
610.55298
610.43641
610.55298
610.60252
0
448.18653
456.67146
0
0
611.69237
610.553
610.55298
610.55298
610.55298
610.55298
0
610.55298
610.55298
610.55298
610.55298
610.55298
610.55298
610.55298
71.482809
457.25478
48.705592
456.67146
277.79977
456.67146
0
0
45.492242
412.69328
0
0
0
0
0
0
0
0
610.55298
48.705592
48.705592
48.705805
48.705592
48.705592
2.2149981
0
421.88218
703.64975
456.67146
0
0
0
0
0
0
0
0
48.705592
48.705592
48.705829
48.705592
519.00916
519.00915
610.55298
610.55298
610.55298
610.55298
610.55298
610.55298
610.55298
610.55298
610.55298
610.55298
610.55298
610.55298
610.55298
610.55298
610.55298
96.825222
610.55298
610.55298
610.55298
610.55298
610.55298
610.55298
610.55298
610.55298
610.55298
610.55298
610.55298
610.55298
564.00682
563.85396
610.55298
610.55298
610.55298
610.55298
610.55298
610.55298
610.55298
610.55298
610.55298
610.55298
610.55298
610.55298
610.55298
610.55298
610.55298
610.55298
610.55298
610.55298
610.55298
610.55298
610.55298
610.55298
610.55298
610.55298
610.55298
610.55298
610.55298
610.55298
610.55298
610.55298
610.55298
610.55298
610.55298
610.55298
610.55298
610.55298
610.55298
610.55298
610.55298
610.55298
610.55193
610.55298
610.55298
610.55298
610.55298
610.55298
610.55298
610.55298
610.55298
610.55298
610.55298
610.55298
610.1896
610.55298
610.55298
610.55298
610.55298
610.55298
610.55298
610.55298
610.55298
610.55298
610.55298
610.55298
610.55298
610.55298
610.55298
610.55298
610.55298
610.55298
610.55298
610.55298
610.55298
610.55298
610.55298
610.55298
610.55298
610.55298
610.55298
610.55298
610.55298
610.55298
610.55298
610.55298
610.55298
610.55298
48.705914
0
0
0
456.67146
0
0
0
0
0
0
592.88034
49.43133
0
0
0
0
0
456.44067
456.95246
0
0
456.67146
0
0
299.52264
385.25984
35.569248
0
0
456.66993
0
0
0
0
0
0
0
0
0
0
223.70863
667.44378
447.87712
13.607716
0
277.04696
0
0
49.738483
0
0
751.94182
0
0
114.92925
47.480844
623.63967
47.261652
597.08871
0
46.139729
483.79162
48.705592
391.52624
45.727462
48.705592
371.71314
47.720402
407.43128
610.29468
160.7159
22.071631
48.705592
610.4897
0
43.438058
0
48.705592
0
0
0
0
0
0
0
0
0
0
0
0
0
0
0
0
0
610.55298
610.5727
0
610.39534
0
0
698.77269
610.55317
0
610.55298
454.79208
610.55298
610.55298
610.55298
610.55545
610.55298
610.62342
609.91237
711.32569
0
0
0
0
0
0
0
556.20539
0
0
0
445.36557
313.81571
0
0
0
0
561.70426
405.55659
0
0
0
0
0
0
0
0
0
0
0
684.75901
504.37761
521.03637
689.30572
0
0
531.43584
0
0
0
228.91506
581.28843
0
0
610.4847
0
605.02145
372.04057
0
467.3193
285.46365
456.67146
0
479.26939
137.56559
0
493.51298
48.70432
739.71512
48.705592
742.14876
415.27641
0
0
0
6.3651778
73.381803
0
56.180194
99.09907
0
0
18.978674
46.943138
67.395689
14.435898
0
0
0
34.726698
0
9.3805333
63.795275
525.32698
1.0016313
0
0
26.097518
665.62636
29.034133
589.69365
83.827279
657.73541
231.1286
423.83587
29.335326
901.04311
687.01053
293.39651
766.51234
0
31.326638
36.359052
0
125.9417
29.765008
679.98138
735.31203
833.81707
0
80.602085
44.431809
24.974933
63.591344
24.886312
833.50287
0
486.37588
462.49067
0
67.900105
47.034168
42.155875
14.987647
0
0
144.90014
0
26.365731
37.539802
0
0
116.84428
51.081946
210.96328
23.252829
19.965925
104.98339
0
0
43.110889
162.73301
27.137353
12.211944
5.8819575
663.55185
395.38149
712.42218
735.27874
756.22122
121.39519
663.08819
365.45604
355.86513
169.25638
339.93146
83.765316
232.25907
394.94306
65.767943
130.83688
481.14716
58.27014
151.79694
637.91269
688.5829
84.604367
0
497.72527
64.04156
780.42251
0
44.192208
688.41736
247.00431
49.079368
99.859748
569.41418
118.12161
79.677625
201.72487
36.10158
249.13532
647.8069
199.89028
14.263349
14.82965
15.166897
317.23189
658.35406
0
0
73.219015
97.934834
4.1929393
39.580603
55.205305
591.37006
750.76233
559.08588
784.95493
503.0476
55.540865
43.942822
0
43.15305
83.32576
0
42.178696
39.585857
40.908844
178.96591
0
0
0
35.752992
30.583457
0
36.487039
17.968377
96.158342
0
0
0
110.51943
0
9.0519673
0
33.686496
66.465828
0
0
0
0
87.36893
0
47.129987
581.44541
702.79218
346.56978
554.959
666.68751
151.269
725.81583
1156.8819
785.35712
173.49357
235.44912
14.583925
757.8611
393.30846
304.67427
818.62494
381.60875
76.251209
201.95159
486.73515
4.9938264
833.16238
682.69161
559.05717
699.15149
549.51655
346.70806
713.96882
799.91554
570.92905
116.98787
442.23313
186.15392
771.80524
45.882506
16.134068
12.296886
345.93224
790.76987
34.187793
12.048683
83.721317
259.01185
82.885568
22.935453
354.84262
38.679086
0
90.298868
37.566536
195.73436
47.476079
139.01299
98.054057
585.64709
4.4702743
24.388542
47.245566
118.85518
35.648837
6.1150973
71.65805
67.712817
307.17188
78.410781
132.97359
708.14461
0.71169276
6.6591827
26.188279
33.9113
15.308501
66.842491
58.306068
17.109105
0
551.34443
60.546177
95.764222
0
23.758431
24.077153
0
729.5339
58.063306
609.5709
0
67.254674
0
36.69882
32.444939
370.18999
507.51008
614.09156
86.821552
86.223141
146.0951
127.18038
0
91.671738
716.11931
35.791055
0
0
103.12497
0
651.68079
97.449758
75.93368
48.395406
2.3625991
131.55902
0
176.59278
242.20655
172.85696
107.60374
0
20.772619
54.8353
275.32976
0.79481288
68.095227
30.356913
19.086333
44.21339
0
0
0
0
124.7528
20.719887
711.29807
193.03019
23.453047
55.790408
179.88986
0
120.6718
717.53884
631.4271
225.3099
110.15698
23.205336
26.022613
436.25713
0
83.312717
50.105755
93.816361
83.085991
0
146.95289
625.90244
136.68086
0
188.00673
94.686466
421.73423
0
0
232.89582
376.11015
110.36264
38.799833
0
38.325347
366.94514
46.212787
74.790083
155.38461
299.05959
109.61846
36.541538
28.608505
90.077962
0
0
59.306338
0
13.00649
59.177815
33.834419
10.769102
52.364013
135.93566
200.20439
5.1532213
624.73982
0
0
54.615855
106.57864
53.771495
847.65681
309.93863
612.93041
376.60146
761.5841
870.46013
86.813344
207.00124
144.90945
808.3362
233.37946
588.66672
212.36837
776.88157
464.69109
2.3396468
851.40648
549.77862
532.34608
198.95002
74.139669
192.23544
661.72336
870.59668
56.03216
917.7304
260.13326
524.48561
365.25741
605.59504
476.24314
649.40894
225.40845
181.96196
249.86156
303.46627
428.61769
901.11634
711.69687
852.08513
858.51485
439.86035
520.89394
151.84037
852.47104
41.323384
130.52534
0
51.098947
96.820857
10.009616
88.235784
96.426277
480.49931
9.3481775
22.433734
23.954982
10.264092
439.3921
443.20442
218.89055
0
375.65854
85.488095
438.01287
629.21018
646.42963
0
67.503776
0
890.82214
742.32094
0
8.943652
238.02893
35.052184
12.666796
37.299995
0
665.73216
195.0579
77.194872
68.126218
632.14889
0
5.2131122
73.988481
212.30205
156.21033
68.492502
109.66315
158.12878
60.142661
21.428615
100.63073
841.13769
587.39668
120.39095
939.1553
105.55512
493.8754
104.86276
861.08358
0
0
0
0
28.659486
44.844865
1024.63
547.78443
9.3686416
889.10492
180.16389
35.066028
900.1352
459.9193
556.70952
117.59182
1149.0867
383.75601
296.32274
618.19266
858.20619
73.397435
0
181.8627
40.27223
38.795263
88.852829
0
625.23299
0
767.18409
0
188.56951
72.893164
63.959148
38.774802
0
104.22653
291.77767
23.849756
86.553505
0
36.320381
850.42122
305.13994
579.47304
671.90089
456.3525
488.57523
)

)


// ************************************************************************* //
