/*--------------------------------*- C++ -*----------------------------------*\
  =========                 |
  \\      /  F ield         | OpenFOAM: The Open Source CFD Toolbox
   \\    /   O peration     | Website:  https://openfoam.org
    \\  /    A nd           | Version:  8
     \\/     M anipulation  |
\*---------------------------------------------------------------------------*/
FoamFile
{
    version     2.0;
    format      ascii;
    class       volScalarField;
    location    "10800/buildings";
    object      Ts;
}
// * * * * * * * * * * * * * * * * * * * * * * * * * * * * * * * * * * * * * //

dimensions      [0 0 0 1 0 0 0];

internalField   nonuniform List<scalar> 
3640
(
319.68805
312.31868
304.0769
304.05767
304.21554
308.10062
318.82802
317.07281
305.00142
303.24198
311.26022
313.18542
312.50155
312.96912
311.08024
317.40812
303.82926
301.68109
302.07694
308.48895
303.78462
303.65265
303.79063
312.32388
313.3352
312.98698
314.12544
309.66465
310.20789
309.66365
312.56102
310.22181
314.03333
312.12125
311.23383
314.74277
315.84212
315.22474
316.70241
309.91909
317.59303
310.09503
311.73017
316.28288
316.13478
311.65889
305.78894
308.89493
311.43751
311.13879
312.67946
312.77195
302.64385
302.38299
302.60882
308.27913
309.58437
308.86559
303.14172
311.30522
309.52767
309.76128
309.7352
307.29504
309.51898
309.43177
302.83187
303.836
313.28006
310.30959
311.27719
315.57787
307.26563
308.88271
309.5045
309.45979
308.9577
307.47341
307.06191
307.04936
303.90508
310.52941
309.92496
305.1928
316.79304
315.60516
306.17652
310.2354
306.6918
308.78816
308.26535
309.3197
306.97538
308.86524
311.29855
310.38994
308.4795
307.59148
307.12944
311.21674
311.04646
305.61853
310.78025
306.39511
306.4954
306.09501
306.45521
305.28988
312.04462
310.49311
306.33197
312.96251
315.42933
305.49412
312.57816
304.64973
305.23798
311.79654
306.38217
307.4664
306.96263
312.28796
307.30315
308.92988
307.96904
309.0773
309.08085
309.92582
308.24499
309.03905
314.50114
307.07782
320.82788
305.32615
304.55984
310.62669
305.12651
310.85935
307.01218
309.57587
306.74921
309.85692
328.66484
307.0636
308.24349
313.43634
305.73146
311.40249
307.65319
315.23916
308.14789
307.97501
308.30973
318.58365
320.39361
318.90007
319.57102
319.25942
317.64472
320.68254
315.604
308.11657
318.22164
306.67833
306.45093
307.20954
307.96357
306.65595
308.11253
320.57288
323.74407
306.96641
308.86216
315.90135
309.2674
317.08864
311.09447
312.27793
310.70668
312.37972
314.06712
318.41
309.43979
311.3248
309.46409
312.86725
307.91304
307.68486
317.45953
313.05496
309.87788
310.70148
307.56142
310.42435
313.47371
309.10887
305.97518
306.18954
306.96964
308.36334
318.2556
310.51603
313.39755
316.33344
313.78281
312.75725
313.68825
315.47871
305.03107
304.75542
312.99864
305.79636
312.57539
306.39089
310.62694
306.66665
309.07383
308.53721
306.07531
304.23189
307.39801
306.94684
306.67928
306.62248
305.95262
305.99801
306.26145
305.5782
319.56767
314.2372
313.39577
312.90076
319.71449
311
307.78408
317.95237
318.0902
305.29597
303.69077
313.94713
317.09318
317.18938
302.91493
302.07015
302.45994
308.21118
311.524
312.62103
312.16963
313.37772
307.43344
315.86565
313.28536
306.09506
306.41953
303.66092
307.91533
314.94662
311.98917
303.81705
310.77978
307.00031
310.7431
312.24081
303.35074
304.26272
313.90197
309.37543
310.46424
315.46824
306.71505
309.81665
308.64413
304.58832
313.96679
314.32628
305.43345
310.40648
306.89754
310.27129
310.11238
311.74609
308.49274
308.97121
307.86084
305.29655
312.59833
311.68277
307.82647
316.12076
316.30975
304.72527
309.78171
304.48056
304.83932
311.33887
306.99516
307.30593
306.50999
313.4988
307.13065
308.95086
307.48524
308.76886
308.52455
308.58513
308.70447
308.01155
316.1538
308.61207
308.91157
306.20449
304.81184
312.5997
305.77696
311.82932
307.08261
309.64868
325.38635
309.77579
329.30576
309.0861
308.87699
309.66053
322.87878
321.92978
315.88198
317.03921
306.31558
307.76453
306.72251
308.53321
321.05977
321.30348
307.61743
309.50762
318.20804
309.94886
316.73421
309.51964
310.68093
311.10972
313.19984
313.64965
318.29659
310.49709
308.66729
311.0674
312.86294
307.81716
306.85464
310.14006
318.11818
313.50104
312.95591
305.19284
305.14285
315.13673
306.07269
315.42117
307.39999
311.90802
305.89897
307.80319
319.16056
312.07401
304.0263
304.06934
304.18766
307.89597
318.5616
316.80198
304.95949
303.25746
311.10683
313.07022
312.36185
312.79675
310.90801
316.99958
303.81479
301.66317
302.11408
308.40054
303.76365
303.64891
303.78297
311.89307
312.83264
312.50381
313.56573
309.38849
309.93454
309.39502
312.20629
309.99774
313.59133
311.75518
310.9108
314.24778
315.20699
314.62338
316.10644
309.85445
317.4849
310.07127
311.61039
316.14484
315.88305
311.44486
305.69838
308.69538
311.36991
311.02083
312.53592
312.5816
302.68054
302.43442
302.64435
308.1832
309.38215
308.56378
303.17376
311.12864
309.39298
309.68406
309.56731
307.24562
309.33873
309.28307
302.80379
303.82394
313.11433
310.21909
311.08602
315.4773
307.26543
308.86696
309.46401
309.43517
308.95306
307.43413
307.03048
307.03257
303.98009
310.41291
309.75093
305.18654
316.73288
315.4206
306.1892
310.12339
306.63479
308.79375
308.09282
309.20163
306.91634
308.83025
311.21614
310.2831
308.41969
307.54051
307.06459
311.07838
310.92783
305.60577
310.68321
306.35415
306.42963
306.0521
306.38266
305.30141
311.80211
310.25951
306.27803
312.91318
315.19524
305.42423
312.36261
304.61863
305.1604
311.68204
306.3343
307.37163
306.898
312.18646
307.34876
308.78389
307.89302
308.98367
309.09319
309.92897
308.09851
308.86464
314.27163
307.00074
320.53655
305.29446
304.54617
310.51387
305.113
310.77841
306.92445
309.41124
306.71908
309.72058
328.08279
306.97705
308.11128
313.10222
305.72254
311.23393
307.46759
315.04264
307.98198
307.72677
308.08221
318.08987
319.79013
318.49692
319.15276
318.67554
317.15243
320.14408
315.17746
308.04511
317.94158
306.54627
306.33296
307.15988
307.86295
306.61468
307.85052
320.28945
323.46522
306.92899
308.82202
315.76485
309.21298
316.86051
310.92706
312.20371
310.70662
312.32988
313.9474
317.89486
309.37386
311.28269
309.47984
312.62508
307.68202
307.53882
316.87564
312.97672
309.59058
310.37888
307.40813
310.15198
313.15362
308.96135
305.91041
306.14152
306.88631
308.2798
317.9832
310.43247
313.10238
315.86932
313.60576
312.56825
313.32756
314.9359
304.98626
304.71943
312.86905
305.76842
312.42876
306.36277
310.60848
306.58538
308.96548
308.32478
305.90982
304.15522
307.33612
306.78647
306.48186
306.41912
305.89429
305.85028
306.22832
305.49112
318.77037
313.83484
313.22459
312.63853
319.37356
310.77912
307.68037
317.633
317.67943
305.28158
303.71712
313.5906
316.85957
316.63001
302.92565
302.04743
302.48933
308.04374
311.13003
312.15011
311.7423
312.86574
307.42094
315.73788
313.12133
306.04573
306.38209
303.66426
307.76593
314.37595
311.78533
303.83096
310.6648
306.88361
310.49204
311.96475
303.32667
304.25529
313.74473
309.28028
310.22973
315.25778
306.71446
309.64079
308.52714
304.62753
313.82746
314.23456
305.45557
310.21872
306.90241
310.10399
309.92883
311.58111
308.40642
308.96133
307.78493
305.30573
312.26029
311.43849
307.79412
315.89296
316.14808
304.70177
309.69098
304.47661
304.79382
311.23161
306.89738
307.1999
306.44914
313.33225
307.07299
308.78527
307.41108
308.64475
308.485
308.48217
308.50524
307.87466
315.81865
308.46044
308.78785
306.11933
304.78252
312.39022
305.72974
311.72974
306.97321
309.4787
324.56685
309.62533
328.70618
308.91254
308.71129
309.44039
322.24177
321.61611
315.33399
316.54534
306.19881
307.63833
306.66591
308.21767
320.65854
321.01417
307.55717
309.46069
318.04874
309.89158
316.52636
309.32826
310.6258
311.08281
313.07441
313.57709
317.80482
310.25201
308.61075
310.8906
312.63764
307.72262
306.79778
310.00427
317.79877
313.21797
312.61772
305.11693
305.06599
314.93547
306.03085
315.15141
307.36472
311.8846
305.83275
307.53003
318.54951
311.78732
303.96618
304.08167
304.15337
307.65816
318.25141
316.48661
304.90925
303.27489
310.92797
312.93353
312.1968
312.59513
310.70513
316.52297
303.7912
301.64209
302.15645
308.29669
303.74006
303.64345
303.77281
311.38688
312.24352
311.93714
312.91036
309.06237
309.61241
309.07776
311.79008
309.73337
313.07472
311.32526
310.53124
313.66894
314.46373
313.91959
315.41016
309.7823
317.35806
310.04275
311.46911
315.98468
315.58799
311.19243
305.59144
308.46352
311.28981
310.88222
312.36835
312.35788
302.72235
302.49337
302.68278
308.07253
309.14378
308.21166
303.21108
310.92167
309.23484
309.59283
309.37013
307.18677
309.12547
309.10793
302.76886
303.80929
312.91877
310.1138
310.86253
315.3589
307.26467
308.84767
309.41566
309.4055
308.94683
307.38763
306.99299
307.01212
304.06556
310.27671
309.54786
305.17829
316.66186
315.20544
306.20315
309.99264
306.56758
308.7994
307.89118
309.06369
306.8469
308.78829
311.11863
310.15672
308.34942
307.48031
306.98767
310.91532
310.78796
305.58994
310.56855
306.30554
306.35238
306.00138
306.29761
305.31402
311.52075
309.98711
306.21425
312.85467
314.92114
305.34205
312.10993
304.58163
305.06932
311.5475
306.27736
307.26078
306.82184
312.06662
307.40096
308.61412
307.80414
308.87355
309.10628
309.93147
307.92796
308.6623
314.00216
306.91016
320.19686
305.25663
304.52941
310.38064
305.09662
310.68292
306.82147
309.22028
306.68132
309.562
327.40856
306.87568
307.95783
312.71671
305.71003
311.03951
307.25046
314.79908
307.7887
307.43823
307.81935
317.51419
319.08867
318.02685
318.66621
317.99745
316.5788
319.51935
314.67879
307.95988
317.61286
306.39244
306.19492
307.10084
307.74429
306.56589
307.54641
319.96069
323.14196
306.88475
308.77452
315.6057
309.14909
316.59359
310.73354
312.11728
310.70503
312.27128
313.80908
317.29429
309.29579
311.23214
309.49669
312.34503
307.41525
307.36893
316.19552
312.8857
309.25846
310.00627
307.2285
309.83735
312.78441
308.79024
305.83427
306.08501
306.78898
308.18159
317.66486
310.33376
312.75603
315.3283
313.39818
312.34602
312.90359
314.30134
304.93349
304.6765
312.71643
305.73491
312.25686
306.32944
310.58636
306.49039
308.83972
308.0783
305.7159
304.06405
307.26365
306.60067
306.25047
306.18059
305.82502
305.67743
306.18862
305.38784
317.84575
313.36332
313.0236
312.33045
318.97763
310.52156
307.56008
317.26117
317.19965
305.26404
303.74553
313.17698
316.58694
315.9798
302.93614
302.02045
302.51969
307.8475
310.66684
311.59838
311.24053
312.26568
307.41338
315.58822
312.92957
305.98797
306.3378
303.66559
307.59142
313.71457
311.54661
303.84549
310.52961
306.74535
310.19714
311.64335
303.29773
304.24373
313.5597
309.16957
309.95333
315.01099
306.71345
309.43531
308.39029
304.67235
313.66315
314.12737
305.48056
309.99954
306.90738
309.90795
309.71588
311.38969
308.30571
308.94888
307.69586
305.31579
311.86952
311.15511
307.75559
315.62782
315.95913
304.67376
309.58282
304.47123
304.73991
311.10609
306.78285
307.07613
306.37685
313.13697
307.00551
308.59261
307.32421
308.4994
308.43821
308.36255
308.27443
307.7153
315.42715
308.28374
308.64402
306.01915
304.74768
312.1442
305.67386
311.61254
306.84559
309.28176
323.61974
309.44993
328.01249
308.71022
308.51945
309.18546
321.50422
321.25032
314.70527
315.96787
306.06146
307.49025
306.59948
307.85388
320.19381
320.67795
307.48697
309.40538
317.86254
309.82451
316.28305
309.1062
310.56102
311.05002
312.92855
313.49274
317.23154
309.9678
308.54465
310.68569
312.37628
307.61238
306.73084
309.84429
317.42618
312.88534
312.22049
305.02802
304.9755
314.70097
305.98188
314.83589
307.32302
311.85668
305.75486
307.21388
317.8473
311.45899
303.89368
304.09345
304.10931
307.38619
317.89375
316.1209
304.85039
303.29397
310.72049
312.77532
312.0057
312.36029
310.46896
315.97209
303.76534
301.61676
302.20456
308.17603
303.71027
303.63582
303.75868
310.79668
311.55911
311.27852
312.15069
308.68009
309.23554
308.70553
311.30505
309.42419
312.47471
310.82456
310.0887
312.99907
313.60344
313.10442
314.60891
309.69455
317.21093
310.00843
311.30376
315.79836
315.24583
310.8971
305.46634
308.19673
311.19599
310.72007
312.17165
312.09747
302.76857
302.56
302.72725
307.94232
308.86678
307.80635
303.25368
310.68147
309.0507
309.48632
309.1404
307.11732
308.87703
308.90255
302.73007
303.7915
312.68941
309.99294
310.60382
315.22125
307.2628
308.82391
309.35807
309.36975
308.93834
307.33288
306.94812
306.98729
304.1615
310.11872
309.31223
305.16709
316.57879
314.95519
306.21817
309.84131
306.48905
308.80463
307.6574
308.90385
306.76564
308.73805
311.00396
310.0081
308.26741
307.40953
306.89685
310.72457
310.624
305.57005
310.434
306.24814
306.26226
305.94182
306.19858
305.32755
311.19842
309.67235
306.13923
312.78581
314.60388
305.24605
311.81748
304.5375
304.96315
311.39058
306.21041
307.13213
306.73264
311.92612
307.45975
308.41844
307.70096
308.74521
309.11942
309.93253
307.73116
308.42998
313.68874
306.80395
319.80439
305.21143
304.50901
310.22434
305.07627
310.57104
306.70198
309.00159
306.63391
309.37831
326.63586
306.75714
307.78077
312.27674
305.69197
310.81658
306.99853
314.49724
307.56562
307.10453
307.5184
316.84918
318.28166
317.48388
318.10589
317.2182
315.91689
318.80228
314.10123
307.85863
317.22952
306.21466
306.03469
307.03128
307.60617
306.50838
307.19696
319.58315
322.77091
306.83286
308.71868
315.42111
309.0745
316.28439
310.51244
312.01745
310.7009
312.20265
313.6507
316.60073
309.20362
311.17134
309.51367
312.02482
307.11051
307.17321
315.41159
312.78064
308.87844
309.58094
307.01958
309.47731
312.36323
308.59385
305.74539
306.01878
306.67617
308.06706
317.29565
310.21795
312.3535
314.70398
313.15708
312.087
312.40952
313.56687
304.87178
304.62554
312.53943
305.69605
312.05641
306.29011
310.55998
306.38034
308.69511
307.79533
305.49059
303.95606
307.17932
306.38782
305.98149
305.90309
305.74296
305.47708
306.14129
305.26595
316.7857
312.81576
312.78942
311.97153
318.52118
310.22396
307.42046
316.83152
316.64853
305.24254
303.77894
312.70292
316.27175
315.22984
302.94689
301.98825
302.55701
307.62082
310.12743
310.95788
310.65571
311.56906
307.39677
315.41431
312.70798
305.92018
306.28573
303.66353
307.38785
312.95661
311.27329
303.86135
310.37253
306.58268
309.85378
311.2715
303.26317
304.23143
313.34487
309.04239
309.6299
314.72476
306.71074
309.19729
308.23111
304.72294
313.47219
314.00174
305.50848
309.74603
306.91204
309.68002
309.47114
311.16965
308.18906
308.93301
307.59205
305.32623
311.42346
310.82947
307.71003
315.32051
315.73976
304.63998
309.45549
304.46372
304.6764
310.95948
306.64964
306.93281
306.29204
312.90972
306.92715
308.37052
307.22321
308.33054
308.38308
308.2249
308.00969
307.53129
314.97372
308.07955
308.478
305.9022
304.70632
311.85804
305.608
311.47554
306.69799
309.05598
322.53644
309.24733
327.21755
308.47674
308.29953
308.89353
320.65936
320.82802
313.99265
315.29864
305.90128
307.31774
306.522
307.43945
319.66098
320.29133
307.40505
309.34066
317.64695
309.74664
316.00099
308.85107
310.48546
311.00997
312.76048
313.39567
316.56985
309.64175
308.46796
310.45054
312.07594
307.48489
306.6525
309.65719
316.99573
312.49777
311.75807
304.92468
304.86968
314.42965
305.92492
314.47119
307.27398
311.82323
305.66382
306.85192
317.05249
311.08389
303.80838
304.10489
304.05533
307.07796
317.48642
315.70393
304.78111
303.31404
310.48423
312.59231
311.78564
312.09138
310.19742
315.34666
303.72737
301.58662
302.25738
308.03665
303.6738
303.62464
303.73864
310.11834
310.77528
310.52427
311.28293
308.23653
308.80082
308.2733
310.7477
309.06477
311.78895
310.2494
309.57963
312.23496
312.62233
312.17424
313.69858
309.59549
317.04157
309.96765
311.11327
315.58357
314.85327
310.55525
305.3208
307.8936
311.08759
310.53305
311.94557
311.79771
302.81842
302.63476
302.77595
307.79276
308.54847
307.34537
303.29985
310.40587
308.838
309.36256
308.87595
307.03583
308.58794
308.666
302.68339
303.76966
312.42506
309.85509
310.30712
315.06247
307.25904
308.79443
309.28975
309.32665
308.92642
307.26875
306.89468
306.95692
304.26646
309.93748
309.04252
305.15172
316.4822
314.66797
306.23331
309.66826
306.39801
308.80849
307.38963
308.72076
306.67143
308.67803
310.87028
309.83504
308.17249
307.32686
306.79026
310.50392
310.43383
305.54498
310.27765
306.18073
306.15811
305.87234
306.08447
305.34138
310.83444
309.31343
306.0516
312.70592
314.2407
305.13505
311.47973
304.48536
304.84069
311.20962
306.13231
306.98448
306.62903
311.7629
307.52425
308.19571
307.58237
308.59693
309.1313
309.93092
307.50696
308.16683
313.3285
306.68104
319.357
305.15759
304.4838
310.04282
305.05114
310.44123
306.56456
308.75386
306.57463
309.1688
325.76283
306.62027
307.57948
311.78206
305.66651
310.56526
306.7097
314.12527
307.31133
306.72486
307.17924
316.09193
317.36683
316.86519
317.46956
316.33601
315.1639
317.9916
313.44137
307.73902
316.78757
306.01178
305.8508
306.94966
307.44615
306.44114
306.80106
319.15581
322.35113
306.77225
308.6534
315.20951
308.98837
315.9306
310.26313
311.90338
310.69277
312.12284
313.47182
315.81089
309.09557
311.09855
309.52938
311.66393
306.76758
306.9507
314.52188
312.66071
308.45009
309.10237
306.77957
309.07138
311.89003
308.37144
305.64253
305.94186
306.54688
307.93479
316.87337
310.08333
311.89136
313.99404
312.88034
311.78874
311.84129
312.72912
304.80016
304.56527
312.33601
305.65054
311.82582
306.24397
310.52837
306.25458
308.53095
307.47493
305.23214
303.82913
307.08224
306.14735
305.67262
305.58414
305.64645
305.24739
306.08505
305.123
315.59048
312.18881
312.51989
311.55867
318.00301
309.8849
307.26111
316.3439
316.02228
305.21604
303.81344
312.16826
315.91234
314.37556
302.95521
301.95026
302.59512
307.36027
309.50645
310.22504
309.98426
310.77197
307.38109
315.21453
312.45396
305.84156
306.22479
303.65572
307.15374
312.10156
310.9636
303.87824
310.19184
306.39289
309.45953
310.84829
303.22156
304.21484
313.0971
308.89738
309.25517
314.39534
306.70628
308.925
308.04809
304.77852
313.25234
313.85639
305.53857
309.45648
306.91572
309.41796
309.19357
310.92009
308.0554
308.9125
307.47215
305.33627
310.92172
310.46057
307.65639
314.97004
315.48837
304.59961
309.30939
304.45316
304.60208
310.78971
306.49643
306.76881
306.19302
312.64849
306.83708
308.11766
307.10689
308.13646
308.31845
308.06851
307.71025
307.32141
314.45562
307.84662
308.28898
305.76704
304.65735
311.5289
305.53097
311.31723
306.52923
308.80068
321.31639
309.01595
326.32014
308.21055
308.05088
308.56389
319.70603
320.34662
313.19807
314.53334
305.71612
307.11884
306.43244
306.97465
319.05873
319.85248
307.31074
309.2654
317.40036
309.65701
315.67783
308.56184
310.39802
310.96104
312.56915
313.28508
315.81687
309.27306
308.37996
310.18437
311.73556
307.3392
306.56158
309.44092
316.50536
312.0519
311.22695
304.80586
304.74713
314.11995
305.85932
314.05421
307.21676
311.78379
305.55836
306.44364
316.17089
310.66909
303.70819
304.11303
303.98786
306.73809
317.03211
315.23637
304.70069
303.33369
310.2164
312.38474
311.53858
311.7889
309.8914
314.65037
303.6801
301.55058
302.31355
307.87816
303.62911
303.60868
303.71047
309.35471
309.89691
309.67891
310.31389
307.73134
308.30899
307.78035
310.11984
308.65705
311.02095
309.60229
309.00624
311.38205
311.52893
311.13663
312.68916
309.48184
316.84993
309.91863
310.89641
315.34171
314.41239
310.16673
305.15366
307.55587
310.96411
310.32115
311.68899
311.45933
302.86926
302.71502
302.82554
307.62333
308.18864
306.83295
303.3491
310.09624
308.59754
309.22164
308.57735
306.94091
308.26025
308.39654
302.62999
303.74272
312.12245
309.70141
309.9745
314.88207
307.25232
308.7575
309.20921
309.27465
308.90935
307.19422
306.83128
306.91968
304.37708
309.73313
308.73868
305.13042
316.37132
314.34448
306.24688
309.47369
306.29374
308.80949
307.0883
308.5145
306.56355
308.60664
310.71651
309.63647
308.06394
307.23126
306.66649
310.25302
310.21698
305.51312
310.09872
306.1023
306.03939
305.79214
305.95488
305.3536
310.43166
308.91211
305.95041
312.61347
313.83334
305.0086
311.1018
304.42393
304.70158
311.00441
306.04174
306.8177
306.51018
311.57611
307.59211
307.94676
307.44797
308.42803
309.13958
309.92462
307.25622
307.87459
312.9221
306.5403
318.85692
305.09388
304.45255
309.83544
305.01964
310.29277
306.40887
308.47852
306.50093
308.9331
324.79748
306.46467
307.35466
311.23763
305.63119
310.28767
306.38447
313.67154
307.02684
306.30072
306.8047
315.24733
316.3525
316.17444
316.76182
315.35908
314.32532
317.09442
312.70284
307.59943
316.28654
305.78431
305.64325
306.85502
307.26382
306.36318
306.36166
318.68152
321.88573
306.70228
308.57778
314.97106
308.89023
315.53347
309.9879
311.77506
310.67851
312.03099
313.27361
314.93038
308.97035
311.01185
309.54133
311.26566
306.38988
306.70247
313.53466
312.52588
307.97746
308.57549
306.50861
308.62324
311.36953
308.12424
305.52512
305.85346
306.40099
307.78451
316.39941
309.92905
311.37089
313.204
312.56855
311.45152
311.20085
311.79445
304.71817
304.49456
312.10652
305.59813
311.56489
306.19025
310.49072
306.11305
308.34804
307.11945
304.94101
303.68179
306.97207
305.88131
305.32441
305.2242
305.53413
304.98889
306.0187
304.95764
314.27503
311.48594
312.21537
311.09288
317.42642
309.50947
307.08305
315.80115
315.32544
305.18317
303.84828
311.5759
315.51005
313.4255
302.95957
301.90545
302.63587
307.06709
308.80745
309.40448
309.22917
309.87978
307.35872
314.98869
312.1692
305.75118
306.15414
303.63853
306.88903
311.15956
310.61995
303.89381
309.98753
306.1743
309.01461
310.37614
303.17184
304.19349
312.8172
308.7357
308.82831
314.02474
306.69835
308.61926
307.84101
304.83703
313.00332
313.69095
305.56892
309.13183
306.91717
309.12167
308.88476
310.64239
307.90469
308.8856
307.33558
305.34428
310.36969
310.0512
307.59363
314.57734
315.20518
304.55126
309.13923
304.43801
304.51606
310.59761
306.323
306.58427
306.07876
312.3534
306.73503
307.83502
306.97476
307.91697
308.24313
307.89397
307.37829
307.08639
313.87539
307.58581
308.07776
305.61316
304.59974
311.15737
305.44182
311.13706
306.33947
308.51754
319.97346
308.75653
325.32853
307.9127
307.7752
308.19916
318.65373
319.80835
312.33295
313.67566
305.50547
306.89322
306.33024
306.4651
318.39249
319.36431
307.20366
309.17898
317.1234
309.55538
315.31472
308.24033
310.29806
310.90131
312.35511
313.16136
314.97778
308.86496
308.28044
309.88891
311.35738
307.1755
306.45737
309.195
315.95808
311.54886
310.62919
304.67141
304.60731
313.77288
305.78473
313.58747
307.15099
311.73701
305.43792
305.99302
315.22514
310.2207
303.59245
304.11485
303.90379
306.37232
316.54047
314.72776
304.60841
303.35014
309.92291
312.15511
311.2662
311.45759
309.55492
313.89737
303.61628
301.50825
302.36901
307.70226
303.57365
303.58552
303.67083
308.52321
308.94587
308.76349
309.26915
307.17268
307.76939
307.23381
309.43383
308.20584
310.18888
308.89783
308.38085
310.46309
310.35269
310.0193
311.6076
309.35693
316.63784
309.86065
310.65639
315.07559
313.93061
309.73728
304.9658
307.1903
310.82563
310.08668
311.40627
311.08793
302.91626
302.798
302.8722
307.43584
307.79542
306.28231
303.39803
309.7579
308.33281
309.06427
308.24971
306.83206
307.89694
308.09867
302.56857
303.70938
311.78651
309.53367
309.61078
314.68178
307.24087
308.71077
309.11515
309.2119
308.88432
307.10859
306.7564
306.87362
304.48689
309.5084
308.40589
305.10072
316.24606
313.98956
306.25581
309.26048
306.17652
308.80508
306.75846
308.28798
306.44221
308.52232
310.54312
309.41379
307.94187
307.12225
306.52514
309.97516
309.97534
305.47279
309.89868
306.01225
305.90678
305.70097
305.81085
305.3616
309.99957
308.47665
305.83566
312.50909
313.38946
304.86776
310.68823
304.35251
304.54714
310.77764
305.93857
306.63382
306.37638
311.3671
307.65852
307.67596
307.29874
308.23978
309.14032
309.9105
306.98347
307.55949
312.47679
306.38282
318.31444
305.01909
304.41353
309.60406
304.97994
310.12679
306.23644
308.18107
306.41131
308.67505
323.76428
306.29144
307.11017
310.6573
305.58347
309.98995
306.02843
313.12935
306.71745
305.84118
306.40394
314.33574
315.26568
315.42709
315.99955
314.31335
313.42185
316.13404
311.90255
307.43978
315.73375
305.53602
305.41493
306.74678
307.06073
306.27396
305.88901
318.17135
321.38557
306.62199
308.49129
314.70928
308.78032
315.10056
309.69274
311.63379
310.65519
311.92678
313.06002
313.98051
308.8279
310.90974
309.54559
310.83955
305.98685
306.43319
312.47682
312.37769
307.47249
308.014
306.21116
308.14372
310.81511
307.85706
305.39372
305.7535
306.24015
307.61796
315.88307
309.75605
310.80263
312.35371
312.22718
311.08109
310.50182
310.78696
304.62586
304.41264
311.85404
305.53837
311.27777
306.12835
310.44584
305.95771
308.14965
306.73695
304.62236
303.51438
306.84956
305.5957
304.94303
304.82961
305.40557
304.70594
305.94117
304.77025
312.87976
310.72353
311.88098
310.58316
316.80403
309.1025
306.88764
315.21434
314.57533
305.1421
303.88022
310.94223
315.07283
312.40234
302.95605
301.85313
302.67451
306.74664
308.0452
308.51596
308.40825
308.91527
307.33256
314.73977
311.85826
305.64878
306.07339
303.60733
306.59771
310.15851
310.25029
303.90588
309.76282
305.92825
308.52748
309.86479
303.11276
304.16554
312.50801
308.55942
308.3545
313.61824
306.68507
308.2855
307.61267
304.89433
312.72839
313.50604
305.59628
308.77803
306.91442
308.79537
308.55094
310.342
307.73855
308.84977
307.18309
305.34747
309.78207
309.61063
307.52064
314.15022
314.89494
304.49388
308.94996
304.4161
304.41813
310.38435
306.13135
306.38183
305.94916
312.02907
306.62173
307.52773
306.82768
307.67482
308.15609
307.70423
307.02112
306.83035
313.2454
307.30195
307.84814
305.44197
304.53249
310.74996
305.34032
310.93703
306.13137
308.21245
318.5443
308.47327
324.26761
307.58881
307.47822
307.80776
317.53056
319.22417
311.4235
312.74477
305.27165
306.64374
306.21578
305.92501
317.67831
318.83779
307.08448
309.08112
316.81988
309.44242
314.91823
307.89343
310.18567
310.82878
312.12177
313.02594
314.07303
308.4271
308.17004
309.57041
310.94966
306.99604
306.34009
308.9227
315.3664
310.99854
309.97777
304.52284
304.45137
313.39529
305.70149
313.08013
307.07651
311.68225
305.30322
305.51162
314.26397
309.76017
303.46276
304.10545
303.80244
305.99833
316.03332
314.20058
304.5048
303.35879
309.61361
311.91074
310.98052
311.11179
309.20298
313.12739
303.53581
301.45855
302.41711
307.51351
303.50527
303.5522
303.61607
307.66599
307.9724
307.82657
308.2054
306.58491
307.20743
306.65709
308.72332
307.72927
309.33568
308.17159
307.73382
309.52633
309.15844
308.88346
310.51373
309.22164
316.41123
309.79194
310.40095
314.79491
313.42937
309.28452
304.76204
306.81267
310.6769
309.83884
311.10685
310.6995
302.95223
302.87471
302.91121
307.23585
307.38596
305.72159
303.44079
309.40575
308.05434
308.89479
307.90702
306.70987
307.51278
307.78301
302.50027
303.66768
311.42741
309.35749
309.23061
314.46685
307.22182
308.65098
309.00687
309.13628
308.84699
307.01171
306.66903
306.81628
304.5846
309.27078
308.05715
305.05918
316.10809
313.61714
306.2546
309.0359
306.04799
308.79118
306.41345
308.04903
306.30968
308.42393
310.35363
309.17329
307.80807
307.00073
306.36829
309.68035
309.71681
305.42188
309.6833
305.91103
305.76324
305.59961
305.65603
305.36029
309.55857
308.02661
305.70893
312.39382
312.92888
304.71635
310.25662
304.27066
304.38182
310.53707
305.82361
306.43865
306.23015
311.14151
307.71452
307.39381
307.13817
308.03713
309.12716
309.88365
306.69961
307.23522
312.01151
306.21236
317.75392
304.93249
304.36451
309.356
304.92944
309.94762
306.0521
307.87349
306.30582
308.40364
322.7157
306.10499
306.8553
310.06965
305.52147
309.68569
305.65637
312.50592
306.39577
305.36666
305.99547
313.40366
314.16482
314.65915
315.22044
313.25401
312.50006
315.1595
311.08072
307.26376
315.14979
305.27643
305.17384
306.62602
306.84245
306.17405
305.40569
317.64897
320.87386
306.53123
308.39398
314.43297
308.66064
314.65047
309.39076
311.4833
310.61888
311.81112
312.83959
313.00985
308.67076
310.7919
309.53635
310.40556
305.57762
306.15361
311.40537
312.22007
306.95994
307.44571
305.89922
307.65599
310.25378
307.58059
305.25115
305.64318
306.06908
307.44036
315.34661
309.56865
310.21281
311.48704
311.87031
310.69297
309.77837
309.76059
304.52458
304.31965
311.58822
305.47087
310.97521
306.05816
310.39267
305.79354
307.94331
306.34488
304.28936
303.33099
306.71755
305.30336
304.54501
304.41751
305.26254
304.40986
305.85197
304.56543
311.48473
309.94036
311.53045
310.05276
316.1644
308.68341
306.68265
314.6127
313.80731
305.09044
303.90252
310.29816
314.62039
311.35739
302.93954
301.79274
302.70603
306.41122
307.25782
307.60606
307.56335
307.92988
307.29588
314.47591
311.53394
305.53582
305.98296
303.55746
306.2909
309.15447
309.87102
303.90958
309.52589
305.66183
308.01992
309.33961
303.04329
304.12869
312.18076
308.37455
307.85232
313.19261
306.66308
307.93737
307.37086
304.94263
312.43698
313.30694
305.61421
308.40956
306.90427
308.45119
308.20633
310.03137
307.56169
308.80131
307.01819
305.34104
309.18835
309.15916
307.43692
313.70695
314.56947
304.42623
308.74469
304.38419
304.30949
310.15759
305.92743
306.16846
305.80648
311.68762
306.49967
307.20815
306.66906
307.41818
308.05661
307.50611
306.65467
306.56355
312.59528
307.00666
307.60946
305.25843
304.4551
310.32378
305.22768
310.72337
305.91194
307.89816
317.10631
308.17744
323.19178
307.25229
307.17246
307.4077
316.39581
318.61977
310.51866
311.7869
305.02234
306.37935
306.09126
305.38241
316.95163
318.29703
306.95607
308.97276
316.50069
309.3206
314.50518
307.53655
310.0625
310.74166
311.87727
312.88299
313.14859
307.98036
308.05131
309.24263
310.53088
306.80676
306.21183
308.63394
314.75928
310.42641
309.30471
304.36467
304.28367
313.00257
305.61118
312.55554
306.99455
311.61856
305.15741
305.02348
313.37582
309.32655
303.325
304.07722
303.68485
305.64655
315.55361
313.69808
304.39269
303.35186
309.31159
311.66713
310.7015
310.77859
308.86299
312.40872
303.43607
301.40097
302.44529
307.32276
303.42366
303.50472
303.5436
306.86626
307.07249
306.95992
307.2282
306.02103
306.67353
306.10175
308.05414
307.26824
308.54241
307.49206
307.12521
308.6628
308.06563
307.84232
309.51414
309.08419
316.18264
309.71174
310.14778
314.51922
312.95044
308.84606
304.55484
306.45339
310.52423
309.59483
310.81348
310.32532
302.96517
302.93167
302.92784
307.036
306.99531
305.20359
303.46725
309.06806
307.78354
308.72262
307.57722
306.57755
307.13785
307.47357
302.42493
303.61536
311.07068
309.18354
308.86458
314.24869
307.19089
308.57374
308.88505
309.04531
308.79062
306.90478
306.56893
306.74436
304.65181
309.03573
307.71921
305.00147
315.96199
313.25507
306.23436
308.81451
305.91293
308.76142
306.0805
307.81363
306.17143
308.31134
310.15676
308.92966
307.66711
306.87
306.20294
309.38991
309.45807
305.35842
309.46559
305.80102
305.61569
305.49085
305.49853
305.3414
309.1462
307.60008
305.57509
312.27182
312.48958
304.56296
309.84329
304.17954
304.21533
310.29908
305.70011
306.24438
306.07789
310.91227
307.74467
307.12082
306.97396
307.83128
309.08993
309.83661
306.42594
306.92738
311.56469
306.0378
317.22242
304.83465
304.30253
309.10758
304.86501
309.76518
305.86617
307.57769
306.18873
308.1368
321.74988
305.91573
306.60785
309.526
305.44505
309.3992
305.29886
311.83932
306.08572
304.91722
305.61267
312.53993
313.15823
313.93988
314.49598
312.28222
311.64799
314.26163
310.31517
307.08151
314.57866
305.02438
304.93685
306.49636
306.62216
306.06573
304.95411
317.15916
320.39416
306.43061
308.28718
314.16052
308.53561
314.21987
309.10555
311.33099
310.5645
311.68679
312.62811
312.11079
308.5065
310.66047
309.50513
309.99962
305.19616
305.88414
310.42462
312.06101
306.48444
306.92058
305.5973
307.20223
309.73409
307.31463
305.10419
305.52584
305.89763
307.26303
314.83409
309.37695
309.65432
310.68561
311.52626
310.31877
309.09874
308.81653
304.41785
304.21746
311.32791
305.39621
310.67972
305.98028
310.32988
305.6304
307.74321
305.97598
303.9688
303.14302
306.5821
305.02753
304.16441
304.02348
305.11067
304.124
305.75191
304.35559
310.2295
309.21115
311.19204
309.54848
315.56338
308.28798
306.48066
314.05018
313.09281
305.02517
303.90501
309.70206
314.18945
310.39458
302.90387
301.72444
302.71943
306.08808
306.52028
306.76337
306.77627
307.0207
307.24986
314.21395
311.22081
305.41578
305.8847
303.4851
305.99234
308.24506
309.51392
303.89724
309.29356
305.39324
307.53567
308.84702
302.96352
304.07921
311.8578
308.19282
307.36472
312.78127
306.62744
307.60204
307.13203
304.96824
312.14846
313.10398
305.61209
308.05541
306.88156
308.11512
307.8779
309.73411
307.38393
308.7349
306.84913
305.31722
308.64126
308.73464
307.34228
313.28359
314.25279
304.34791
308.53566
304.33776
304.19387
309.93229
305.72399
305.95841
305.65659
311.35418
306.3742
306.90067
306.50661
307.16445
307.94486
307.31267
306.30875
306.30563
311.98314
306.7228
307.37975
305.07368
304.36777
309.91367
305.10775
310.50958
305.69553
307.59852
315.79905
307.89097
322.20159
306.92946
306.88107
307.03235
315.35805
318.04554
309.69984
310.89277
304.77528
306.11945
305.96192
304.88618
316.2783
317.78851
306.82444
308.85656
316.1877
309.19527
314.10885
307.19869
309.9326
310.63903
311.63743
312.74042
312.29171
307.56272
307.92933
308.93132
310.13601
306.6194
306.0779
308.34972
314.19232
309.8839
308.67305
304.20636
304.11413
312.6256
305.5173
312.05851
306.90838
311.54569
305.00785
304.57192
312.71573
308.98684
303.1935
304.01986
303.56036
305.36939
315.17507
313.2973
304.27836
303.31685
309.05639
311.45347
310.46671
310.50627
308.58509
311.86307
303.32386
301.33554
302.43428
307.14938
303.32966
303.43806
303.45318
306.26844
306.40921
306.31974
306.51504
305.58038
306.25834
305.66546
307.54332
306.89953
307.94973
306.97799
306.65945
308.02589
307.27427
307.08581
308.78804
308.95641
315.97479
309.6191
309.92823
314.28349
312.5676
308.49124
304.36966
306.16526
310.38275
309.38693
310.56485
310.02183
302.93835
302.94537
302.90688
306.8582
306.68511
304.81619
303.4609
308.79635
307.55875
308.56526
307.31003
306.44251
306.82905
307.21325
302.34432
303.54946
310.76472
309.03004
308.56483
314.04884
307.14147
308.47322
308.75276
308.93633
308.70508
306.79116
306.45786
306.65356
304.65982
308.831
307.44032
304.92237
315.81696
312.95249
306.1808
308.62211
305.7807
308.70594
305.80865
307.61035
306.03816
308.18635
309.96958
308.71112
307.52818
306.73757
306.04452
309.14277
309.23036
305.2808
309.27008
305.68792
305.47745
305.38062
305.35351
305.29146
308.82542
307.26371
305.44414
312.15156
312.13847
304.42361
309.51026
304.08248
304.06575
310.09308
305.57535
306.07321
305.93229
310.70394
307.72385
306.89312
306.82051
307.64376
309.01322
309.75819
306.19992
306.67975
311.20506
305.87603
316.80187
304.72836
304.22397
308.88931
304.78256
309.59805
305.69777
307.33144
306.07167
307.90642
321.03387
305.74263
306.39871
309.11248
305.35716
309.17151
305.01112
311.22959
305.82829
304.56197
305.31002
311.89732
312.42934
313.3894
313.94859
311.56692
311.0156
313.59282
309.74087
306.91432
314.10095
304.81354
304.73462
306.3655
306.42428
305.95424
304.60679
316.77935
320.02043
306.32176
308.17419
313.9244
308.4137
313.87397
308.87709
311.19023
310.48546
311.5598
312.45259
311.44191
308.35078
310.52201
309.43938
309.68195
304.89868
305.65995
309.70862
311.91499
306.12025
306.52146
305.34926
306.85365
309.33697
307.09332
304.96598
305.40843
305.74367
307.10675
314.42209
309.20035
309.22014
310.087
311.24496
310.01498
308.58339
308.126
304.31233
304.11104
311.10676
305.31525
310.43144
305.89651
310.25607
305.48539
307.57369
305.68599
303.70895
302.97379
306.45447
304.80678
303.86285
303.71214
304.96224
303.89009
305.64379
304.16621
309.33874
308.66469
310.91601
309.1531
315.09506
307.9779
306.30555
313.6186
312.54953
304.94259
303.87154
309.25117
313.84543
309.68433
302.84213
301.64914
302.69903
305.82333
305.96454
306.13932
306.18813
306.3524
307.188
313.98424
310.96272
305.29592
305.78295
303.39142
305.74511
307.58812
309.23199
303.85714
309.09611
305.15926
307.15249
308.46757
302.87561
304.01295
311.58051
308.03419
306.97328
312.44351
306.5703
307.3274
306.92604
304.94898
311.89826
312.91681
305.57271
307.76679
306.83845
307.83505
307.6122
309.49099
307.22285
308.64298
306.69185
305.2638
308.22725
308.40177
307.23777
312.94251
313.98726
304.25942
308.34561
304.27054
304.07924
309.73531
305.54453
305.77716
305.51197
311.07332
306.25506
306.64842
306.35498
306.94579
307.8225
307.14652
306.03429
306.09122
311.5103
306.49046
307.19021
304.9087
304.27227
309.58214
304.98874
310.32043
305.50788
307.35409
314.85709
307.65281
321.46839
306.66656
306.64351
306.73852
314.60084
317.59026
309.09133
310.2208
304.56367
305.9
305.83787
304.51591
315.77066
317.39246
306.70131
308.73817
315.91928
309.0764
313.78873
306.92987
309.80396
310.5216
311.42991
312.61227
311.65166
307.23815
307.81358
308.68045
309.82538
306.45487
305.94885
308.10881
313.76223
309.46227
308.19302
304.06519
303.9615
312.31826
305.42647
311.66778
306.82465
311.4641
304.86828
304.22847
)
;

boundaryField
{
    sides
    {
        type            zeroGradient;
    }
    buildings_to_air
    {
        type            compressible::CFDHAMsolidTemperatureCoupledMixed;
        refValue        uniform 0;
        refGradient     nonuniform List<scalar> 
364
(
168.09956
87.857846
15.675349
-4.0418842
7.7375658
65.467193
114.83144
96.290753
13.721585
-6.2347645
52.832857
47.596971
57.321238
69.409265
60.79787
133.04068
4.2814164
6.1131786
-13.498741
31.337858
5.8441873
1.131209
1.9434779
103.20928
120.65841
115.94455
134.59615
67.220366
73.477372
65.361194
95.328013
61.604327
118.98158
96.475817
85.103546
133.21604
155.44541
147.0323
164.35734
31.829527
51.270794
11.655916
45.853942
65.603561
89.292405
63.773715
26.053312
61.269695
33.55803
49.345745
55.216443
69.639313
-12.595972
-24.774637
-12.869462
34.294098
64.80609
90.519133
-16.22526
68.667042
51.165907
32.133302
58.98674
16.439769
50.602536
45.745421
9.8334467
4.5028429
51.683708
43.971881
62.865508
44.197988
-0.30770486
5.4866197
14.09351
9.1066838
1.5080361
14.568151
10.812476
5.7397475
-27.139247
43.725671
54.597475
1.726126
31.541038
69.553364
-5.7476086
44.300107
19.714037
-2.9610155
51.95784
43.553087
21.73663
12.112337
29.225498
34.387038
22.373367
17.89
20.77488
48.659992
41.866676
5.2341585
36.551444
15.109582
23.572068
16.101796
25.541345
-5.243208
91.736252
73.517966
18.343568
26.464674
88.644377
24.731216
71.169226
10.851271
25.556796
47.249208
16.392877
34.21732
22.137188
36.919899
-19.158862
50.761866
27.330416
32.240628
-4.8954735
-1.6699098
50.906278
63.367489
79.490324
26.708617
120.35937
10.4678
4.3880254
39.252711
4.1983648
33.448811
29.79375
58.557562
12.772451
47.64183
242.92228
28.562583
47.256163
116.59429
4.1206575
71.639496
53.717872
54.290461
52.99549
66.012821
68.600692
157.94319
197.11385
139.08553
155.39795
179.01008
148.31555
174.39844
125.03083
26.484853
92.409345
41.702153
36.3783
17.285776
33.396363
15.719297
73.250852
138.65566
143.44605
13.990117
16.271369
57.843849
25.039989
94.196956
75.535842
38.663846
-0.14174482
23.819776
74.284223
155.33668
26.945582
16.839259
-6.0173314
93.802831
68.3893
46.365767
170.21625
43.283851
86.019302
94.80368
47.767896
89.164283
114.82146
55.2949
21.839669
17.51307
30.7032
33.012993
103.17694
32.993731
90.605161
144.42545
67.610474
69.174299
106.76909
147.8782
16.739846
12.071327
53.851036
12.472308
55.130575
12.020538
10.73675
31.24533
47.452558
68.670175
45.820609
21.490467
27.671768
56.083628
53.292263
53.515951
17.823382
43.195971
11.791546
24.625126
221.33399
118.30262
65.843125
84.406467
127.87273
80.640689
38.648029
132.20594
136.41135
4.8809801
-9.5461346
118.6465
98.151778
154.89579
-3.5606488
7.4382203
-10.786329
50.555239
94.45023
113.1066
102.38681
122.96585
4.302169
55.088293
68.035507
17.401102
15.297784
-1.378217
46.390155
160.27277
85.277075
-5.3586199
49.865405
31.35837
69.099395
94.285053
7.8008699
2.9728859
54.479256
43.270587
62.453192
74.862789
-0.022626278
56.584877
39.675056
-18.843182
53.839403
39.22868
-8.4753731
60.682656
-3.1041017
51.97797
64.417706
66.214513
33.460999
3.4796409
26.636862
-3.7954524
109.90415
83.188265
13.122377
88.560805
69.211245
8.2441846
31.606286
1.1609016
15.495052
44.025736
32.247975
37.627916
19.881377
59.008743
23.81486
54.937378
26.234439
40.940102
13.883899
42.758147
66.259633
48.494853
110.81404
54.016837
51.776026
28.066428
10.067977
69.253116
16.603872
41.398935
36.163589
60.858237
272.91627
53.56075
250.18984
57.316345
58.812232
74.070217
227.53785
128.8289
191.97444
134.81825
34.171079
41.583249
21.669522
88.60141
174.94237
135.11688
26.502945
20.850464
71.589658
29.779936
86.595163
67.482749
24.809316
10.65269
54.372139
48.30524
151.54222
82.252882
28.054905
71.009118
86.692381
36.842604
21.364761
46.488528
131.26571
90.484615
101.14303
26.912496
25.000999
80.029244
20.989236
96.2322
21.331255
15.365639
23.015859
75.677245
)
;
        valueFraction   uniform 0;
        value           nonuniform List<scalar> 
364
(
319.93391
312.43364
304.10012
304.05207
304.22794
308.19631
318.95217
317.1986
305.0206
303.23455
311.33095
313.23905
312.56689
313.04908
311.16017
317.59887
303.83617
301.68908
302.0595
308.52976
303.79326
303.65416
303.79359
312.5227
313.56776
313.21046
314.38486
309.7917
310.3339
309.78718
312.72507
310.32543
314.23833
312.29041
311.38299
314.97217
316.13679
315.50346
316.98034
309.94873
317.64329
310.10639
311.78585
316.34651
316.25181
311.75763
305.83074
308.98806
311.4692
311.19353
312.74563
312.86016
302.62642
302.35886
302.5923
308.32317
309.67859
309.00649
303.12636
311.38708
309.59
309.79711
309.81287
307.3177
309.60223
309.50059
302.84504
303.8414
313.35647
310.35175
311.36572
315.62462
307.26538
308.88977
309.52296
309.47097
308.95957
307.49128
307.07607
307.05648
303.87017
310.58368
310.0056
305.19512
316.82247
315.69049
306.16976
310.2877
306.71808
308.78547
308.34536
309.37419
307.00209
308.88122
311.33623
310.43922
308.50693
307.61458
307.15918
311.28051
311.10032
305.62502
310.82509
306.41383
306.52574
306.11477
306.48866
305.28372
312.15848
310.60169
306.35659
312.98719
315.53807
305.52646
312.67796
304.66392
305.27387
311.84974
306.40415
307.51035
306.99231
312.33537
307.28158
308.99795
308.00413
309.12053
309.07457
309.92394
308.31326
309.12031
314.60773
307.11208
320.96338
305.34019
304.56547
310.67934
305.1319
310.897
307.05214
309.65096
306.76634
309.91803
328.93831
307.10189
308.30424
313.59267
305.73676
311.48311
307.73938
315.31809
308.2223
308.0886
308.41369
318.81301
320.68002
319.08755
319.76583
319.52936
317.87368
320.93388
315.80267
308.14977
318.34619
306.73969
306.5055
307.23072
308.00834
306.67444
308.2348
320.70629
323.87552
306.98177
308.88048
315.96489
309.29199
317.19465
311.17307
312.31266
310.70653
312.40285
314.12351
318.64977
309.46982
311.3438
309.45717
312.98087
308.02114
307.75293
317.73131
313.09134
310.01235
310.85283
307.63216
310.55192
313.62364
309.17682
306.00515
306.21141
307.00823
308.40345
318.38011
310.55441
313.53414
316.54655
313.86474
312.8451
313.85687
315.73114
305.05095
304.77161
313.05988
305.80757
312.64395
306.40302
310.63578
306.70379
309.12461
308.63634
306.15192
304.26642
307.42537
307.02208
306.77066
306.71656
305.97806
306.06651
306.2758
305.61774
319.94051
314.42464
313.4766
313.02218
319.87351
311.10361
307.83207
318.10148
318.28217
305.30241
303.6784
314.11365
317.20186
317.44915
302.90966
302.08056
302.4467
308.28871
311.70595
312.83898
312.36692
313.61472
307.4372
315.9251
313.36181
306.11747
306.43648
303.65873
307.98435
315.21334
312.08516
303.81066
310.83324
307.05396
310.85915
312.36889
303.36167
304.2664
313.97484
309.4198
310.57227
315.56579
306.71503
309.8983
308.69865
304.56851
314.03131
314.36932
305.42298
310.49377
306.89502
310.34878
310.1981
311.82371
308.53242
308.97547
307.896
305.29186
312.75689
311.79711
307.84027
316.22685
316.38568
304.73585
309.82401
304.48204
304.86009
311.38843
307.04047
307.35518
306.53792
313.57604
307.15746
309.02804
307.51958
308.82637
308.54272
308.63327
308.79755
308.07495
316.30947
308.68271
308.96985
306.24392
304.82501
312.69699
305.79868
311.87592
307.13342
309.72825
325.76974
309.84583
329.58741
309.1666
308.95405
309.76457
323.17693
322.07476
316.13347
317.26771
306.36948
307.82293
306.74864
308.68168
321.24754
321.43926
307.64659
309.52945
318.28279
309.97564
316.83166
309.6092
310.70655
311.12156
313.25849
313.68364
318.52485
310.6117
308.69345
311.15007
312.9694
307.86086
306.88082
310.20299
318.2706
313.63217
313.11291
305.22803
305.17798
315.23016
306.09209
315.54708
307.41888
311.9198
305.92909
307.93091
)
;
        qrNbr           qr;
        qsNbr           qs;
    }
    interior
    {
        type            compressible::CFDHAMsolidTemperatureTransferCoeffInterior;
        refValue        uniform 0;
        refGradient     nonuniform List<scalar> 
364
(
-11.567114
-9.3670325
-5.9373095
-6.4276636
-6.1519258
-7.2240203
-13.036236
-11.916665
-6.5803136
-6.0155432
-9.4072729
-10.831971
-10.247595
-10.270625
-9.1292168
-11.0641
-6.011987
-4.8415932
-5.4917138
-8.280476
-6.017887
-6.0845443
-6.0900857
-7.7445783
-7.8276715
-7.7748562
-7.8901463
-7.3391896
-7.7435887
-7.3894103
-8.5025458
-8.1231917
-8.7425516
-8.1677528
-7.9796313
-8.7875169
-8.3391364
-8.2278668
-9.238629
-9.359798
-13.513678
-9.7510232
-9.9266822
-12.512717
-11.484865
-9.0672541
-6.6301136
-7.6931684
-10.204023
-9.60949
-10.30384
-9.98044
-5.788181
-5.7996017
-5.7714312
-8.1087032
-8.0021516
-6.8950092
-6.1054562
-9.257635
-8.5247009
-9.1231245
-8.3750302
-7.8605714
-8.0824496
-8.3129861
-5.4376975
-6.1531115
-10.413106
-9.4026177
-9.1146398
-12.370531
-8.2879688
-9.0638233
-9.2285765
-9.3394826
-9.2023914
-8.0704367
-7.871162
-7.9886438
-6.8081976
-9.2767803
-8.4479427
-6.9622888
-13.422513
-11.715475
-7.7105812
-9.1549899
-7.4701144
-9.2122232
-7.4819067
-8.5542555
-7.6248838
-8.8932074
-9.9492525
-9.2004518
-8.5066179
-8.0377075
-7.6237711
-9.4592008
-9.5117184
-7.1765247
-9.537023
-7.417442
-7.2917978
-7.23586
-7.2180207
-7.1843431
-9.2734757
-8.3435345
-7.2708687
-11.252014
-11.233888
-6.6679865
-9.6737126
-6.4662225
-6.4544096
-10.026923
-7.3486523
-7.6444245
-7.5597557
-10.383627
-8.6248362
-8.1280156
-8.0864707
-8.571958
-9.3835182
-9.8287623
-7.718069
-8.0032296
-10.678238
-7.5278078
-13.997208
-6.8477295
-6.5505506
-9.3086225
-6.8809742
-9.7339882
-7.4210802
-8.3887217
-7.6422169
-8.7288377
-16.501709
-7.4475634
-7.8368355
-9.4405672
-7.2207419
-9.4815887
-7.0091701
-10.687173
-7.4967621
-6.7413526
-7.1877759
-11.083615
-11.398193
-11.969768
-12.30379
-10.886129
-10.559385
-12.086562
-9.8043741
-8.1426658
-12.391102
-6.8952244
-6.8478351
-7.8191123
-7.8507319
-7.5764789
-6.7688984
-13.991156
-15.912277
-7.7957639
-8.8915225
-12.29542
-9.0371508
-12.264627
-9.3095643
-10.683507
-10.26377
-10.900022
-11.436097
-10.811364
-8.9960632
-10.280548
-9.6392016
-9.7811763
-6.9432418
-7.3956557
-9.7853596
-11.114699
-7.6655651
-7.9018711
-7.2117526
-8.1022781
-9.5740546
-8.2491387
-6.9874791
-7.2521492
-7.4498987
-8.2582988
-12.586367
-9.4977267
-9.4992206
-10.012539
-10.705483
-9.9763423
-9.1209949
-8.8471078
-6.6047759
-6.48265
-10.626641
-7.204419
-10.22373
-7.5461449
-10.132768
-7.2988015
-8.5374552
-7.4116625
-6.2384205
-5.8051851
-7.877176
-6.8939977
-6.3284701
-6.2386281
-6.9844779
-6.3470716
-7.3922417
-6.5099344
-9.5641883
-9.1687902
-10.510864
-9.4616202
-12.982483
-8.7709894
-7.7827006
-12.113267
-11.470784
-6.9746918
-6.3417074
-9.5205556
-12.248262
-9.7686137
-5.7296321
-5.0255852
-5.6493581
-7.4907528
-7.5651604
-7.6683429
-7.6971682
-7.7941367
-8.3141279
-12.331501
-10.541609
-7.1844286
-7.4766414
-6.0523171
-7.4455461
-8.5304683
-9.5172332
-6.3351745
-9.4384659
-7.0944159
-8.2726387
-9.0583761
-5.750745
-6.4265043
-10.900073
-8.8111298
-8.1654961
-11.411722
-7.9453064
-8.3820695
-8.1465035
-6.9844261
-11.092703
-11.699069
-7.3493377
-8.6419382
-8.1086315
-8.6808824
-8.5533585
-9.6693265
-8.326863
-9.1663171
-8.0093249
-7.166588
-8.9140902
-9.0191822
-8.33928
-11.710544
-12.332618
-6.5715157
-8.9870168
-6.5780949
-6.4637947
-9.8151941
-7.3287995
-7.4685528
-7.3095481
-10.601063
-7.7556023
-7.981527
-7.8103153
-8.1573568
-8.6783033
-8.2831673
-7.61842
-7.6543211
-10.856358
-7.8904595
-8.3090158
-6.9528478
-6.5784616
-9.7162305
-7.0022275
-10.161496
-7.3071556
-8.40127
-12.835301
-8.5779495
-16.758858
-7.9923674
-7.9809818
-8.0349133
-12.687491
-14.463835
-9.4257435
-10.08497
-6.7453578
-7.5389899
-7.5068967
-6.7150855
-13.388929
-14.351966
-8.0201698
-9.2273149
-13.477969
-9.4316969
-12.214176
-8.1499239
-9.8586375
-10.280859
-10.819667
-11.532637
-10.9365
-8.3305421
-8.6830527
-9.1897988
-9.8655935
-7.8724539
-7.5723527
-8.8463978
-12.197179
-9.6442669
-8.8908818
-6.4560168
-6.3928134
-11.342261
-7.2696728
-10.95268
-8.0981699
-10.84982
-6.931053
-6.5450516
)
;
        valueFraction   uniform 0;
        value           nonuniform List<scalar> 
364
(
312.62845
308.92362
303.14814
303.97387
303.50954
305.31489
315.10238
313.21708
304.23092
303.27988
308.99138
311.3905
310.40644
310.44523
308.52315
311.7814
303.27389
301.303
302.39777
307.09391
303.28382
303.39607
303.4054
306.19149
306.33141
306.24247
306.43662
305.50883
306.18982
305.5934
307.46787
306.82905
307.87203
306.90409
306.58731
307.94774
307.19269
307.00532
308.7074
308.91144
315.90637
309.57024
309.86604
314.2208
312.48995
308.41881
304.31478
306.10492
310.33307
309.33191
310.50116
309.95657
302.89701
302.91624
302.86881
306.80466
306.62523
304.76086
303.43129
308.7394
307.50518
308.51289
307.25314
306.38681
306.76045
307.14866
302.30681
303.51154
310.68516
308.98354
308.4986
313.98136
307.10653
308.41303
308.69047
308.87723
308.64637
306.74022
306.40465
306.60248
304.61467
308.77164
307.37592
304.87415
315.75285
312.87828
306.13424
308.56655
305.7293
308.66293
305.74916
307.55494
305.98993
308.12572
309.90405
308.64311
307.47472
306.6851
305.98805
309.07883
309.16726
305.23491
309.20988
305.64061
305.42903
305.33483
305.30479
305.24808
308.76608
307.2001
305.39378
312.09784
312.06731
304.37856
309.44005
304.0388
304.01891
310.03484
305.52477
306.02283
305.88026
310.63551
307.6738
306.83718
306.76722
307.58475
308.95138
309.70115
306.14685
306.62704
311.13163
305.82646
316.72061
304.68124
304.1808
308.82526
304.73722
309.54156
305.64673
307.27619
306.01912
307.84893
320.93806
305.69133
306.34684
309.04745
305.30937
309.11653
304.9531
311.14667
305.77418
304.5021
305.25386
311.81426
312.34399
313.3065
313.86897
311.4817
310.93148
313.50317
309.66008
306.86185
314.016
304.76122
304.68142
306.317
306.37024
305.90842
304.54849
316.71042
319.94549
306.27768
308.12288
313.85488
308.36812
313.80303
308.82685
311.1405
310.43368
311.5051
312.40782
311.3558
308.29893
310.46194
309.38194
309.62102
304.84208
305.60392
309.62806
311.8666
306.05843
306.45636
305.29424
306.79384
309.27224
307.04114
304.91657
305.36226
305.69526
307.05657
314.34482
309.1437
309.14622
310.01062
311.17751
309.94967
308.50931
308.04809
304.27212
304.06646
311.04474
305.28189
310.36626
305.85734
310.21308
305.44082
307.52665
305.63087
303.65519
302.92565
306.41478
304.75915
303.80683
303.65554
304.91152
303.83816
305.59817
304.11241
309.25562
308.58979
310.84978
309.0829
315.01186
307.91991
306.25568
313.54814
312.46623
304.89504
303.82912
309.18215
313.77547
309.59986
302.79842
301.61284
302.66324
305.76406
305.88936
306.06311
306.11165
306.27494
307.15058
313.91564
310.90155
305.24822
305.74029
303.3418
305.68793
307.51489
309.17655
303.81812
309.04391
305.09665
307.08072
308.40386
302.83397
303.97192
311.50519
307.98751
306.90029
312.36678
306.5295
307.26499
306.86831
304.91143
311.82956
312.85066
305.52592
307.7026
306.80453
307.76818
307.55343
309.43267
307.17203
308.58563
306.63731
305.21818
308.16089
308.33786
307.19294
312.86998
313.91752
304.21611
308.28369
304.22719
304.03471
309.6783
305.49134
305.72667
305.45892
311.00167
306.21005
306.5905
306.30219
306.88659
307.76383
307.09844
305.97904
306.0395
311.43157
306.43714
307.14197
304.85825
304.2278
309.51165
304.94141
310.26146
305.45489
307.29732
314.76401
307.59484
321.37109
306.60875
306.58958
306.6804
314.51511
317.50638
309.02249
310.13259
304.50885
305.84529
305.79124
304.45787
315.6963
317.318
306.65557
308.68834
315.84623
309.03251
313.71807
306.87407
309.75146
310.46246
311.36978
312.57039
311.56653
307.17822
307.77183
308.62517
309.76317
306.40682
305.90147
308.0469
313.68945
309.39047
308.12181
304.02161
303.91518
312.24981
305.39177
311.59377
306.78692
311.42056
304.82155
304.17154
)
;
        hcoeff          0.405;
        Tamb            "$FOAM_CASE/0/buildings/T_room.dat";
    }
}


// ************************************************************************* //
