/*--------------------------------*- C++ -*----------------------------------*\
  =========                 |
  \\      /  F ield         | OpenFOAM: The Open Source CFD Toolbox
   \\    /   O peration     | Website:  https://openfoam.org
    \\  /    A nd           | Version:  8
     \\/     M anipulation  |
\*---------------------------------------------------------------------------*/
FoamFile
{
    version     2.0;
    format      ascii;
    class       regIOobject;
    location    "constant/air/polyMesh";
    object      cellZones;
}
// * * * * * * * * * * * * * * * * * * * * * * * * * * * * * * * * * * * * * //

1
(
vegetation
{
    type cellZone;
cellLabels      List<label> 
12134
(
4345
4346
4347
4348
4349
4350
4351
4352
4353
4354
4355
4356
4357
4358
4359
4360
4361
4362
4363
4364
4402
4403
4506
4507
4508
4565
4566
4567
4624
4625
4706
4823
4856
4857
4880
4910
4912
4961
5007
5029
5052
5054
5074
5097
5133
5134
5137
5140
5142
5147
40586
40593
40606
40613
40647
40648
40650
40651
40655
40656
40661
40662
40667
40668
40672
40673
40677
40678
40683
40684
40688
40689
40693
40694
40727
40732
40733
40739
41049
41050
41051
41052
41056
41058
41204
41205
41206
41207
41210
41211
41212
41215
41283
41284
41288
41627
41707
42081
42082
42083
42088
42089
42090
42091
42095
42097
42103
42105
42109
42110
42111
42112
42116
42118
46525
47005
47006
53855
53856
53862
53863
53868
53869
53875
53876
53881
53882
53888
53889
53927
53930
53931
53932
54147
54150
54151
54152
54223
54224
54602
54653
54655
54757
54814
54815
54816
54817
54818
54821
54823
54825
54829
54830
54832
54835
54836
54837
54846
54849
54851
54853
54857
54858
59413
59420
59427
59434
59441
59448
59454
59461
59468
59475
59482
61097
61098
61099
61104
61105
61106
61112
61113
61119
61146
61148
61153
61154
61155
72236
72238
72240
72242
72244
72246
72248
72250
72252
72254
72256
72259
72261
72263
72265
72267
72269
72271
72273
72275
72277
72279
72281
72283
72285
72288
72292
72294
72296
72302
72304
72408
72411
72412
72413
73976
73979
73980
73981
73983
73986
73987
73988
73990
74001
76996
76999
77000
77001
77003
77007
77008
77010
77017
77020
77022
77024
77027
77028
77029
77031
77035
109690
109691
110234
110241
111251
111253
111255
111257
111258
111260
111262
111264
111265
111267
111269
111271
111272
111274
111276
111278
111279
111281
111283
111285
111286
111288
111290
111292
111293
111297
111300
111302
111304
111306
111307
111309
111311
111313
111314
111316
111318
111320
111321
111323
111325
111327
111328
111330
111332
111334
111335
111337
111339
111341
111342
111344
111346
111348
111349
111351
111353
111355
111356
111358
111360
111362
111365
111367
111370
111372
111374
111376
112340
112341
112343
112345
112348
112349
112350
112351
112353
112354
112359
112505
112507
112508
112903
112904
112905
112906
114500
114501
114511
114927
114929
114932
114934
114936
114937
114941
114948
114949
114950
114951
114957
114962
114963
114964
114965
114969
114971
114974
114976
114978
114979
114983
114984
114985
114998
114999
115000
115833
115839
115844
115845
115848
115851
115852
115853
115855
115858
115859
115860
115862
115865
115866
115867
115870
115871
115872
115874
115876
115879
115880
115881
115883
115886
115887
115888
115890
115893
115894
115895
115897
115900
115901
115902
115914
115915
115942
116068
116069
116070
116071
116111
116113
116114
116117
116118
116119
116224
116230
116232
116237
116264
116266
116285
116286
116287
116288
116292
116306
116307
116327
116328
116330
116336
116350
116411
116413
116460
116461
116463
116484
116510
116516
116517
116523
116524
116538
116540
116544
116545
116546
116547
116552
116553
116554
116558
116560
117676
117677
117682
117689
117690
117691
117692
117693
117694
117695
117696
117697
117698
117699
117700
117701
117702
117703
117704
117705
117706
117707
117708
117709
117710
117711
117712
117713
117714
117715
117716
117717
117724
117725
117726
117727
117728
117729
117731
117766
117885
117886
117887
117893
117948
117949
117950
117955
117956
117957
117958
117959
117961
118137
118180
118200
118270
118272
118328
118354
118361
118368
118382
118384
118389
118390
118391
118398
129932
129933
129935
129937
129938
129939
129940
129942
129943
129944
129945
129946
129949
129950
129951
129953
129954
129955
129956
129957
129958
129959
129960
129961
129962
129963
129964
129965
129966
129967
129970
129972
129974
129975
129976
129977
129978
129979
129980
129981
129982
129983
129984
129985
129986
129987
129988
129991
129992
129993
129995
129996
129997
129998
129999
130000
130001
130002
130003
130004
130005
130006
130007
130008
130009
130012
130013
130014
130016
130017
130018
130019
130020
130021
130022
130023
130024
130025
130026
130027
130028
130029
130030
130032
130034
130036
130037
130040
130041
130042
130044
130045
130046
130047
130048
130049
130050
130051
130052
130053
130054
130055
130056
130057
130058
130061
130062
130063
130065
130066
130067
130068
130069
130070
130071
130072
130073
130074
130075
130076
130077
130078
130079
130082
130083
130084
130086
130087
130088
130089
130090
130091
130092
130093
130094
130095
130096
130097
130098
130099
130100
130103
130104
130105
130107
130108
130109
130110
130111
130112
130113
130114
130115
130116
130117
130118
130119
130120
130121
130124
130125
130126
130128
130129
130130
130131
130132
130133
130134
130149
130150
130151
130152
130153
130154
130155
130156
130157
130158
130159
130160
130161
130162
130164
130166
130168
130457
130458
130459
130460
130461
130462
130463
130464
130465
130466
130467
130468
130469
130470
130471
130472
130473
130474
130475
130476
130477
130478
130479
130480
130481
130482
130483
130484
130485
130486
130487
130488
130489
130490
130491
130492
130493
130494
130495
130496
130497
130498
130702
130703
130704
130705
130706
130707
130708
130709
130710
130711
130712
130713
130714
130715
130716
130717
130718
130719
130720
130721
130722
130723
130724
130725
130726
130727
130728
130729
130730
130731
130732
130733
130734
130735
130736
130737
130738
130739
130740
130741
130742
130743
130744
130745
130746
130747
130748
130749
130750
130751
130752
130753
130754
130755
130756
130757
130758
130760
130762
130764
130885
130886
130888
131269
131270
131271
131272
131273
131274
131275
131367
131368
131369
131370
131371
131372
131373
131864
131865
131866
131867
131868
131869
131870
131871
131872
131873
131874
131875
131876
131877
131878
131879
131880
131881
131882
131883
131884
131885
131886
131887
131888
131889
131890
131891
131892
131893
131894
131895
131896
131897
131898
131899
131900
131901
131902
131903
131904
131905
131906
131907
131908
131909
131910
131911
131912
131913
131914
131915
131917
131918
131919
131920
131921
131922
131923
131924
131925
131926
131927
131929
131931
131933
131934
131935
131936
131938
131939
131940
131948
131949
131951
131953
131954
131955
131956
131957
131959
131961
131962
131963
131965
131967
131968
131969
131970
131971
131972
131973
131974
131975
131976
131977
131978
131979
131980
131981
131982
131983
131984
131985
131986
131987
131988
131989
131990
131991
131992
131993
131994
131995
131996
131997
131999
132000
132001
132002
132003
132004
132005
132006
132007
132008
132009
132010
143738
143739
143740
143741
143743
143744
143745
143746
143747
143748
143749
143750
143751
143752
143753
143754
143755
143756
143760
143761
143762
143763
143765
143766
143767
143769
143774
143776
143778
143779
143780
143781
143782
143783
143784
143785
143786
143787
143788
143789
143790
143791
143793
143795
143797
143798
143800
143801
143802
143804
143806
143807
143808
143809
143810
143811
143812
143813
143814
143815
143816
143817
143818
143819
143828
143830
143832
143833
143834
143835
143836
143837
143838
143839
143840
143841
143842
143843
143844
143845
143847
143849
143851
143852
143855
143856
143857
143858
143860
143861
143862
143863
143864
143865
143866
143867
143868
143869
143870
143871
143872
143873
143877
143878
143879
143880
143882
143884
144259
144263
144264
144280
144284
144285
144294
144295
144296
144297
144298
144299
144300
144301
144302
144303
144304
144305
144306
144307
144308
144310
144311
144312
144313
144314
144315
144316
144317
144318
144319
144320
144321
145050
145051
145052
145053
145054
145055
145056
145057
145061
145062
145063
145071
145074
145076
145078
145081
145083
145099
145102
145104
145105
145106
145109
145112
145127
145128
145129
145130
145131
145132
145133
145134
145137
145140
145141
145144
145146
145147
145162
145163
145164
145166
145167
145176
145177
145178
145179
145180
145182
145190
145191
145192
145193
145194
145195
145196
145211
145212
145213
145214
145216
145217
145218
145221
145223
145224
145239
145242
145244
145245
145260
145263
145265
145266
145267
145270
145273
145288
145289
145290
145291
145292
145293
145294
145295
145298
145300
145301
145302
145305
145307
145308
145652
145655
145656
145657
145658
145694
145695
145697
145699
145700
145771
145772
145774
145776
145777
147353
147354
147355
147356
147357
147358
147359
147360
147361
147362
147363
147364
147365
147366
147370
147371
147372
147373
147381
147382
147383
147384
147385
147386
147387
147388
147391
147394
147395
147398
147400
147401
147402
147403
147404
147405
147406
147407
147408
147409
147412
147414
147415
147493
147494
147495
147496
147497
147498
147499
147500
147501
147502
147503
147504
147505
147506
147507
147508
147509
147510
147511
147512
147513
147514
147515
147516
147517
147518
147519
147520
147521
147522
147523
147524
147525
147526
147527
147528
147529
147530
147531
147532
147533
147534
147535
147536
147537
147538
147539
147540
147541
147542
147543
147544
147545
147546
147547
147548
147549
147550
147551
147552
147553
147554
147555
147556
147557
147558
147559
147560
147561
147562
147563
147564
147565
147566
147567
147568
147569
147570
147571
147572
147573
147574
147575
147576
147577
147578
147579
147580
147581
147582
147583
147584
147585
147586
147587
147588
147589
147590
147591
147592
147593
147594
147595
147596
147597
147598
147599
147600
147601
147602
147603
147604
147605
147606
147607
147608
147609
147610
147611
147612
147613
147614
147615
147616
147617
147618
147619
147620
147621
147622
147623
147624
147625
147626
147627
147628
147629
147630
147631
147632
147633
147634
147635
147636
147637
147638
147639
147640
147641
147642
147643
147644
147645
147646
147647
147648
147649
147650
147651
147652
147653
147654
147655
147656
147657
147658
147659
147660
147661
147662
147663
147664
147665
147666
147667
147668
147669
147670
147671
147672
147673
147674
147675
147676
147677
147678
147679
147680
147681
147682
147683
147684
147685
147686
147687
147688
147689
147691
147692
147693
147695
147696
147697
147698
147699
147700
147701
147702
147704
147705
147706
147708
147709
147710
147712
147713
147714
147715
147717
147718
147719
147720
147721
147722
147723
147724
147726
147727
147728
147729
147730
147731
147732
147733
147735
147736
147738
147739
147740
147741
147742
147743
147744
147745
147746
147747
147748
147749
147750
147751
147765
147766
147767
147768
147769
147770
147771
147772
147773
147774
147775
147776
147777
147778
147779
147781
147782
147783
147784
147785
147786
147787
147788
147789
147790
147791
147792
147798
147799
147800
147801
147802
147804
147805
147806
147807
147808
147809
147810
147811
147812
147813
147814
147815
147816
147817
147818
147821
147823
147825
147826
147827
147828
147829
147830
147831
147832
147833
147834
147835
147836
147837
147838
147839
147840
147841
147842
147843
147844
147845
147853
147854
147855
147856
147858
147859
147860
147861
147862
147863
147864
147865
147866
147874
147875
147876
147877
147878
147879
147880
147881
147882
147883
147884
147886
147887
147888
147889
147890
147891
147892
147893
147894
147895
147896
147897
147898
147899
147900
147901
147902
147906
147907
147908
147913
148036
148037
148038
148040
148043
148044
148045
148047
148051
148052
148053
148054
148057
148060
148061
148063
148066
148067
148068
148072
148073
148074
148075
148078
148079
148080
148082
148111
148112
148115
148116
148117
148122
148124
148147
148150
148151
148152
148165
148192
148193
148194
148195
148202
148208
148209
148215
148216
148221
148234
148252
148255
148256
148257
148270
148272
148283
148285
148286
148291
148297
148300
148319
148555
148561
148567
148574
148575
148576
148577
148578
148580
148581
148582
148583
148584
148585
148587
148588
148589
148590
148591
148593
148594
148595
148596
148597
148598
148599
148601
148602
148603
148604
148606
148607
148609
148611
148612
148613
148615
148616
148617
148618
148619
148621
148622
148623
148624
148625
148626
148627
148628
148629
148630
148631
148633
148634
148635
148636
148637
148638
148639
148640
148643
148645
148652
148653
148656
148658
148673
148674
148675
148676
148677
148714
148715
148716
148721
148722
148723
148725
148726
148727
148728
148729
148730
148732
148734
148742
148744
148749
148750
148751
148753
148754
148755
148757
148758
148759
148760
148761
148763
148764
148765
148766
148767
148768
148769
148777
148785
148787
148834
148842
148869
148882
148883
148884
148903
148905
148917
148918
148919
148921
148922
148932
148994
148995
148996
148997
148998
148999
149000
149001
149018
149019
149020
149021
149023
149025
149028
149029
149030
149032
149034
149035
149036
149037
149039
149041
149042
149044
149046
149049
149050
149051
149053
149055
150458
150460
150462
150465
150474
150475
150476
150478
150481
150482
150483
150499
150500
150501
150502
150503
150504
150505
150506
150507
150508
150509
150510
150511
150512
150513
150514
150515
150516
150517
150518
150519
150520
150521
150522
150523
150524
150525
150526
150527
150528
150529
150530
150531
150532
150533
150534
150535
150536
150537
150538
150539
150540
150541
150542
150543
150544
150545
150546
150547
150548
150549
150550
150551
150552
150553
150554
150555
150556
150557
150558
150559
150560
150561
150562
150563
150564
150565
150566
150567
150568
150569
150570
150571
150572
150573
150574
150575
150576
150577
150578
150579
150580
150581
150582
150583
150584
150585
150586
150587
150588
150589
150590
150591
150592
150593
150594
150595
150596
150598
150600
150602
150604
150605
150606
150607
150608
150609
150610
150612
150614
150616
150618
150619
150620
150621
150622
150623
150624
150625
150626
150627
150628
150629
150630
150631
150639
150642
150643
150644
150646
150649
150650
150651
150653
150656
150657
150658
150660
150661
150662
150663
150664
150665
150666
150667
150668
150669
150670
150671
150672
150673
150674
150675
150676
150677
150678
150679
150680
150681
150682
150683
150684
150685
150686
150687
150691
150692
150693
150695
150696
150697
150698
150699
150700
150701
150702
150703
150704
150705
150706
150707
150708
150712
150714
150716
150719
150720
150721
150723
150726
150727
150728
150730
150733
150734
150735
150737
150738
150739
150740
150741
150742
150743
150744
150745
150746
150747
150748
150749
150750
150751
150752
150753
150754
150755
150756
150757
150758
150759
150760
150761
150762
150763
150764
150765
150766
150767
150768
150769
150770
150771
150772
150773
150774
150775
150776
150777
150778
150779
150780
150781
150782
150783
150784
150785
150786
150787
150788
150789
150790
150791
150792
150794
150795
150797
150801
150802
150804
150807
150808
150809
150810
150811
150812
150813
150817
150819
150821
150822
150823
150824
150825
150826
150827
150828
150831
150833
150834
150835
150836
150837
150838
150839
150840
150841
150842
150844
150846
150848
150849
150852
150853
150856
150859
150860
150861
150863
150865
150867
150869
150870
150874
150875
150877
150881
150882
150884
150887
150888
150889
150891
150894
150896
150897
150898
150901
150902
150905
150908
150909
150912
150915
150916
150917
150919
150922
150923
150924
150926
150928
150929
150930
150931
150932
150976
150977
150978
150979
150980
150982
150983
150984
150986
150987
150990
150991
150992
150993
150994
150997
151000
151010
151011
151012
151013
151014
151015
151016
151017
151018
151019
151020
151021
151022
151023
151024
151025
151026
151027
151028
151029
151030
151031
151032
151033
151034
151035
151036
151037
151040
151041
151043
151048
151049
151050
151051
151052
151053
151054
151055
151056
151057
151058
151059
151060
151061
151062
151063
151064
151065
151066
151068
151070
151074
151075
151076
151078
151082
151083
151085
151091
151092
151093
151101
151102
151103
151104
151106
151108
151109
151110
151112
151114
151129
151133
151134
151150
151151
151152
151153
151154
151155
151156
151161
151162
151163
151164
151168
151169
151170
151178
151181
151183
151184
151192
151193
151194
151195
151196
151198
151199
151202
151204
151205
151213
151214
151215
151216
151218
151219
151235
151238
151239
151240
151241
151242
151245
151246
151247
151256
151258
151260
151261
151262
151265
151268
151269
151270
151272
151274
151275
151276
151277
151279
151281
151282
151283
151284
151286
151288
151289
151290
151291
151293
151295
151296
151300
151302
151312
151314
151317
151318
151321
151324
151325
151326
151328
151330
151331
151332
151335
151338
151339
151342
151344
151346
151347
151349
151351
151352
151355
151356
151357
151358
151364
151367
151368
151369
151370
151371
151372
151373
151374
151375
151376
151377
151378
151379
151380
151382
151384
151386
151387
151395
151396
151397
151398
151399
151400
151401
151417
151418
151420
151421
151423
151424
151425
151426
151427
151428
151429
151430
151431
151432
151433
151434
151435
151436
151440
151441
151442
151443
151447
151448
151449
151450
151451
151452
151453
151454
151455
151456
151457
151459
151461
151463
151464
151472
151473
151475
151479
151480
151482
151486
151487
151488
151489
151490
151491
151492
151493
151494
151495
151496
151497
151498
151499
151500
151501
151502
151503
151504
151505
151506
151521
151522
151523
151524
151525
151526
151527
151528
151529
151530
151531
151532
151533
151534
151535
151536
151537
151538
151540
151541
151542
151543
151544
151545
151546
151547
151548
151549
151550
151551
151556
151557
151558
151559
151560
151561
151562
151563
151564
151565
151566
151567
151568
151569
151570
151571
151572
151573
151574
151575
151576
151577
151578
151579
151580
151581
151582
151583
151584
151585
151586
151587
151588
151589
151590
151591
151592
151593
151594
151595
151596
151597
151598
151599
151600
151601
151602
151603
151604
151605
151606
151607
151608
151609
151610
151611
151612
151613
151614
151615
151616
151617
151618
151619
151620
151621
151622
151623
151624
151625
151633
151634
151635
151636
151637
151638
151639
151640
151641
151642
151643
151644
151645
151646
151647
151648
151649
151650
151651
151652
151653
151661
151662
151663
151664
151665
151666
151667
151668
151669
151670
151671
151672
151673
151674
151675
151676
151677
151678
151679
151680
151681
151682
151683
151684
151685
151686
151687
151688
151689
151690
151691
151692
151693
151694
151695
151696
151697
151698
151699
151700
151701
151702
151703
151704
151705
151706
151707
151708
151709
151710
151711
151712
151713
151714
151715
151716
151717
151718
151719
151720
151721
151722
151723
151724
151725
151726
151727
151728
151729
151730
151731
151733
151734
151735
151736
151737
151752
151753
151754
151755
151756
151759
151760
151761
151762
151763
151766
151767
151768
151769
151770
151771
151773
151774
151775
151776
151777
151778
151779
151780
151781
151782
151783
151784
151785
151786
151787
151788
151789
151790
151791
151792
151793
151794
151795
151796
151797
151798
151799
151800
151801
151802
151803
151804
151805
151806
151807
151808
151809
151810
151811
151812
151813
151814
151815
151816
151817
151818
151819
151820
151821
151822
151823
151824
151825
151826
151827
151828
151829
151830
151831
151832
151833
151834
151835
151836
151837
151838
151839
151840
151841
151842
151843
151844
151845
151846
151847
151848
151849
151850
151851
151852
151853
151854
151855
151856
151857
151858
151859
151860
151861
151862
151863
151864
151866
151867
151868
151870
151871
151874
151877
151878
151879
151880
151881
151882
151883
151884
151885
151886
151887
151888
151889
151890
151891
151892
151893
151894
151895
151896
151897
151898
151899
151900
151901
151902
151903
151904
151905
151906
151910
151913
151914
151915
151917
151919
151920
151921
151922
151923
151924
151925
151926
151927
151928
151930
151931
151933
151934
151935
151936
151937
151938
151940
151941
151942
151943
151944
151945
151947
151948
151949
151950
151951
151952
151953
151954
151955
151956
151958
151959
151961
151962
151963
151964
151965
151966
151967
151968
151969
151971
151972
151973
151974
151975
151977
151978
151980
151982
151983
151984
151985
151986
151987
151988
151989
151990
151992
151993
151995
151996
151997
151998
151999
152000
152001
152002
152003
152004
152005
152008
152009
152010
152011
152012
152013
152014
152015
152016
152017
152018
152020
152022
152023
152024
152025
152026
152027
152028
152029
152030
152031
152032
152033
152034
152035
152036
152037
152038
152039
152040
152041
152042
152043
152044
152045
152046
152047
152048
152049
152050
152051
152052
152053
152055
152056
152057
152058
152059
152060
152061
152062
152063
152064
152065
152066
152067
152068
152069
152070
152071
152072
152073
152074
152075
152076
152077
152078
152079
152080
152081
152082
152083
152084
152085
152086
152087
152088
152089
152090
152091
152092
152093
152094
152095
152096
152097
152098
152099
152100
152101
152102
152103
152104
152105
152106
152107
152108
152109
152110
152111
152112
152113
152114
152115
152116
152117
152118
152119
152120
152121
152122
152123
152124
152125
152126
152127
152128
152129
152130
152131
152132
152133
152134
152135
152136
152137
152138
152139
152140
152141
152142
152143
152144
152145
152146
152147
152148
152149
152150
152151
152152
152153
152154
152155
152156
152157
152158
152159
152160
152161
152162
152163
152164
152165
152166
152167
152168
152169
152170
152171
152172
152173
152174
152175
152176
152177
152178
152179
152180
152181
152182
152183
152184
152185
152186
152187
152188
152189
152190
152191
152192
152193
152194
152195
152196
152197
152198
152199
152200
152201
152202
152203
152204
152205
152206
152207
152208
152209
152210
152211
152212
152213
152214
152215
152216
152217
152218
152219
152220
152221
152222
152223
152224
152225
152226
152227
152228
152229
152230
152231
152232
152233
152234
152235
152236
152237
152238
152239
152240
152241
152242
152243
152244
152245
152246
152247
152248
152249
152250
152251
152252
152253
152254
152255
152256
152257
152258
152259
152260
152261
152262
152263
152264
152265
152266
152267
152268
152269
152270
152271
152272
152273
152274
152275
152276
152277
152278
152279
152280
152281
152282
152283
152284
152285
152286
152287
152288
152289
152290
152291
152292
152293
152294
152295
152296
152297
152298
152299
152300
152301
152302
152303
152304
152305
152306
152307
152308
152309
152310
152311
152312
152313
152314
152315
152316
152317
152318
152319
152320
152321
152322
152323
152324
152325
152326
152327
152328
152329
152330
152331
152332
152333
152334
152335
152336
152337
152338
152339
152340
152341
152342
152343
152344
152345
152346
152347
152348
152349
152350
152351
152352
152353
152354
152355
152356
152357
152358
152359
152360
152361
152362
152363
152364
152365
152366
152367
152368
152369
152370
152371
152372
152373
152374
152375
152376
152377
152378
152379
152380
152381
152382
152383
152384
152385
152386
152387
152388
152389
152390
152391
152392
152393
152394
152395
152396
152397
152398
152399
152400
152401
152402
152403
152404
152405
152406
152407
152408
152409
152410
152411
152412
152413
152414
152415
152416
152417
152418
152419
152420
152421
152422
152423
152424
152425
152426
152427
152428
152429
152430
152431
152432
152433
152434
152435
152436
152437
152438
152439
152440
152441
152442
152443
152444
152445
152446
152447
152448
152449
152450
152451
152452
152453
152454
152455
152456
152457
152458
152459
152460
152461
152462
152463
152464
152465
152466
152467
152468
152469
152470
152471
152472
152473
152474
152475
152476
152477
152478
152479
152480
152481
152482
152483
152484
152485
152486
152487
152488
152489
152490
152491
152492
152493
152494
152495
152496
152497
152498
152499
152500
152501
152502
152503
152504
152505
152506
152507
152508
152509
152510
152511
152512
152513
152514
152515
152516
152517
152518
152519
152520
152521
152522
152523
152524
152525
152526
152527
152528
152529
152530
152531
152532
152533
152534
152535
152536
152537
152538
152539
152540
152541
152542
152543
152544
152545
152546
152547
152548
152549
152550
152551
152552
152553
152554
152555
152556
152557
152558
152559
152560
152561
152562
152563
152564
152565
152566
152567
152568
152569
152570
152571
152572
152573
152574
152575
152576
152577
152578
152579
152580
152581
152582
152583
152584
152585
152586
152587
152588
152589
152590
152591
152592
152593
152594
152595
152596
152597
152598
152599
152600
152601
152602
152603
152604
152605
152606
152607
152608
152609
152610
152611
152612
152613
152614
152615
152616
152617
152618
152619
152620
152621
152622
152623
152624
152625
152626
152627
152628
152629
152630
152631
152632
152633
152634
152635
152636
152637
152638
152639
152640
152641
152642
152643
152644
152645
152646
152647
152648
152649
152650
152651
152652
152653
152654
152655
152656
152657
152658
152659
152660
152661
152662
152663
152664
152665
152666
152667
152668
152669
152670
152671
152672
152673
152674
152675
152676
152677
152678
152679
152680
152681
152682
152683
152684
152685
152686
152687
152688
152689
152690
152691
152692
152693
152694
152695
152696
152697
152698
152699
152700
152701
152702
152703
152704
152705
152706
152707
152708
152709
152710
152711
152712
152713
152714
152715
152716
152717
152718
152719
152720
152721
152722
152723
152724
152725
152726
152727
152728
152729
152730
152731
152732
152733
152734
152735
152736
152737
152738
152739
152740
152741
152742
152743
152744
152745
152746
152747
152748
152749
152750
152751
152752
152753
152754
152755
152756
152757
152758
152759
152760
152761
152762
152763
152764
152765
152766
152767
152768
152769
152770
152771
152772
152773
152774
152775
152776
152777
152778
152779
152780
152781
152782
152783
152784
152785
152786
152787
152788
152789
152790
152791
152792
152793
152794
152795
152796
152797
152798
152799
152800
152801
152802
152803
152804
152805
152806
152807
152808
152809
152810
152811
152812
152813
152814
152815
152816
152817
152818
152819
152820
152821
152822
152823
152824
152825
152826
152827
152828
152829
152830
152831
152832
152833
152834
152835
152836
152837
152838
152839
152840
152841
152842
152843
152844
152845
152846
152847
152848
152849
152850
152851
152852
152853
152854
152855
152856
152857
152858
152859
152860
152861
152862
152863
152864
152865
152866
152867
152868
152869
152870
152871
152872
152873
152874
152875
152876
152877
152878
152879
152880
152881
152882
152883
152884
152885
152886
152887
152888
152889
152890
152891
152892
152893
152894
152895
152896
152897
152898
152899
152900
152901
152902
152903
152904
152905
152906
152907
152908
152909
152910
152911
152912
152913
152914
152915
152916
152917
152918
152919
152920
152921
152922
152923
152924
152925
152926
152927
152928
152929
152930
152931
152932
152933
152934
152935
152936
152937
152938
152939
152940
152941
152942
152943
152944
152945
152946
152947
152948
152949
152950
152951
152952
152953
152954
152955
152956
152957
152958
152959
152960
152961
152962
152963
152964
152965
152966
152967
152968
152969
152970
152971
152972
152973
152974
152975
152976
152977
152978
152979
152980
152981
152982
152983
152984
152985
152986
152987
152988
152989
152990
152991
152992
152993
152994
152995
152996
152997
152998
152999
153000
153001
153002
153003
153004
153005
153006
153007
153008
153009
153010
153011
153012
153013
153014
153015
153016
153017
153018
153019
153020
153021
153022
153023
153024
153025
153026
153027
153028
153029
153030
153031
153032
153033
153034
153035
153036
153037
153038
153039
153040
153041
153042
153043
153044
153045
153046
153047
153048
153049
153050
153051
153052
153053
153054
153055
153056
153057
153058
153059
153060
153061
153062
153063
153064
153065
153066
153067
153068
153069
153070
153071
153072
153073
153074
153075
153076
153077
153078
153079
153080
153081
153082
153083
153084
153085
153086
153087
153088
153089
153090
153091
153092
153093
153094
153095
153096
153097
153098
153099
153100
153101
153102
153103
153104
153105
153106
153107
153108
153109
153110
153111
153112
153113
153114
153115
153116
153117
153118
153119
153120
153121
153122
153123
153124
153125
153126
153127
153128
153129
153130
153131
153132
153133
153134
153135
153136
153137
153138
153139
153140
153141
153142
153143
153144
153145
153146
153147
153148
153149
153150
153151
153152
153153
153154
153155
153156
153157
153158
153159
153160
153161
153162
153163
153164
153165
153166
153167
153168
153169
153170
153171
153172
153173
153174
153175
153176
153177
153178
153179
153180
153181
153182
153183
153184
153185
153186
153187
153188
153189
153190
153191
153192
153193
153194
153195
153196
153197
153198
153199
153200
153201
153202
153203
153204
153205
153206
153207
153208
153209
153210
153211
153212
153213
153214
153215
153216
153217
153218
153219
153220
153221
153222
153223
153224
153225
153226
153227
153228
153229
153230
153231
153232
153233
153234
153235
153236
153237
153238
153239
153240
153241
153242
153243
153244
153245
153246
153247
153248
153249
153250
153251
153252
153253
153254
153255
153256
153257
153258
153259
153260
153261
153262
153263
153264
153265
153266
153267
153268
153269
153270
153271
153272
153273
153274
153275
153276
153277
153278
153279
153280
153281
153282
153283
153284
153285
153286
153287
153288
153289
153290
153291
153292
153293
153294
153295
153296
153297
153298
153299
153300
153301
153302
153303
153304
153305
153306
153307
153308
153309
153310
153311
153312
153313
153314
153315
153316
153317
153318
153319
153320
153321
153322
153323
153324
153325
153326
153327
153328
153329
153330
153331
153332
153333
153334
153335
153336
153337
153338
153339
153340
153341
153342
153343
153344
153345
153346
153347
153348
153349
153350
153351
153352
153353
153354
153355
153356
153357
153358
153359
153360
153361
153362
153363
153364
153365
153366
153367
153368
153369
153370
153371
153372
153373
153374
153375
153376
153377
153378
153379
153380
153381
153382
153383
153384
153385
153386
153387
153388
153389
153390
153391
153392
153393
153394
153395
153396
153397
153398
153399
153400
153401
153402
153403
153404
153405
153406
153407
153408
153409
153410
153411
153412
153413
153414
153415
153416
153417
153418
153419
153420
153421
153422
153423
153424
153425
153426
153427
153428
153429
153430
153431
153432
153433
153434
153435
153436
153437
153438
153439
153440
153441
153442
153443
153444
153445
153446
153447
153448
153449
153450
153451
153452
153453
153454
153455
153456
153457
153458
153459
153460
153461
153462
153463
153464
153465
153466
153467
153468
153469
153470
153471
153472
153473
153474
153475
153476
153477
153478
153479
153480
153481
153482
153483
153484
153485
153486
153487
153488
153489
153490
153491
153492
153493
153494
153495
153496
153497
153498
153499
153500
153501
153502
153503
153504
153505
153506
153507
153508
153509
153510
153511
153512
153513
153514
153515
153516
153517
153518
153519
153520
153521
153522
153523
153524
153525
153526
153527
153528
153529
153530
153531
153532
153533
153534
153535
153536
153537
153538
153539
153540
153541
153542
153543
153544
153547
153548
153550
153551
153552
153553
153554
153555
153556
153557
153558
153559
153560
153561
153562
153563
153564
153565
153566
153567
153568
153569
153570
153571
153572
153573
153574
153575
153576
153577
153578
153579
153580
153581
153582
153583
153584
153585
153586
153587
153588
153589
153590
153591
153592
153593
153594
153595
153596
153597
153598
153599
153600
153601
153602
153603
153604
153605
153606
153607
153610
153611
153613
153614
153615
153616
153617
153618
153619
153620
153621
153622
153623
153624
153625
153626
153627
153628
153629
153630
153631
153632
153633
153634
153635
153636
153637
153638
153639
153640
153641
153642
153643
153644
153645
153646
153647
153648
153649
153650
153651
153652
153653
153654
153655
153656
153657
153658
153659
153660
153661
153662
153663
153664
153665
153666
153667
153668
153669
153670
153671
153672
153673
153674
153675
153676
153677
153678
153679
153680
153681
153682
153683
153684
153685
153686
153687
153688
153689
153690
153691
153692
153693
153694
153695
153696
153697
153698
153699
153700
153701
153702
153703
153704
153705
153706
153707
153708
153709
153710
153711
153712
153713
153714
153715
153716
153717
153718
153719
153720
153721
153722
153723
153724
153725
153726
153727
153728
153729
153730
153731
153732
153733
153734
153735
153736
153737
153738
153739
153740
153741
153742
153743
153744
153745
153746
153747
153748
153749
153750
153751
153752
153753
153754
153755
153756
153757
153758
153759
153760
153761
153762
153763
153764
153765
153766
153767
153768
153769
153770
153771
153772
153773
153774
153775
153776
153777
153778
153779
153780
153781
153782
153783
153784
153785
153786
153787
153788
153789
153790
153791
153792
153793
153794
153795
153796
153797
153798
153799
153800
153801
153802
153803
153804
153805
153806
153807
153808
153809
153810
153811
153812
153813
153814
153815
153816
153817
153818
153819
153820
153821
153822
153823
153824
153825
153826
153827
153828
153829
153830
153831
153832
153833
153834
153835
153836
153837
153838
153839
153840
153841
153842
153843
153844
153845
153846
153847
153848
153849
153850
153851
153852
153853
153854
153855
153856
153857
153858
153859
153860
153861
153862
153863
153864
153865
153866
153867
153868
153869
153870
153871
153872
153873
153874
153875
153876
153877
153878
153879
153880
153881
153882
153883
153884
153885
153886
153887
153888
153889
153890
153891
153892
153893
153894
153895
153896
153897
153898
153899
153900
153901
153902
153903
153904
153905
153906
153907
153908
153909
153910
153911
153912
153913
153914
153915
153916
153917
153918
153919
153920
153921
153922
153923
153924
153925
153926
153927
153928
153929
153930
153931
153932
153933
153934
153935
153936
153937
153938
153939
153940
153941
153942
153943
153944
153945
153946
153947
153948
153949
153950
153951
153952
153953
153954
153955
153956
153957
153958
153959
153960
153961
153962
153963
153964
153965
153966
153967
153968
153969
153970
153971
153972
153973
153974
153975
153976
153977
153978
153979
153980
153981
153982
153983
153984
153985
153986
153987
153988
153989
153990
153991
153992
153993
153994
153995
153996
153997
153998
153999
154000
154001
154002
154003
154004
154005
154006
154007
154008
154009
154010
154011
154012
154013
154014
154015
154016
154017
154018
154019
154020
154021
154022
154023
154024
154025
154026
154027
154028
154029
154030
154031
154032
154033
154034
154035
154036
154037
154038
154039
154040
154041
154042
154043
154044
154045
154046
154047
154048
154049
154050
154051
154052
154053
154054
154055
154056
154057
154058
154059
154060
154061
154062
154063
154064
154065
154066
154067
154068
154069
154070
154071
154072
154073
154074
154075
154076
154077
154078
154079
154080
154081
154082
154083
154084
154085
154086
154087
154088
154089
154090
154091
154092
154093
154094
154095
154096
154097
154098
154099
154100
154101
154102
154103
154104
154105
154106
154107
154108
154109
154110
154111
154112
154113
154114
154115
154116
154117
154118
154119
154120
154121
154122
154123
154124
154125
154126
154127
154128
154129
154130
154131
154132
154133
154134
154135
154136
154137
154138
154139
154140
154141
154142
154143
154144
154145
154146
154147
154148
154149
154150
154151
154152
154153
154154
154155
154156
154157
154158
154159
154160
154161
154162
154163
154164
154165
154166
154167
154168
154169
154170
154171
154172
154173
154174
154175
154176
154177
154178
154179
154180
154181
154182
154183
154184
154185
154186
154187
154188
154189
154190
154191
154192
154193
154194
154195
154196
154197
154198
154199
154200
154201
154202
154203
154204
154205
154206
154207
154208
154209
154210
154211
154212
154213
154214
154215
154216
154217
154218
154219
154220
154221
154222
154223
154224
154225
154226
154227
154228
154229
154230
154231
154232
154233
154234
154235
154236
154237
154238
154239
154240
154241
154242
154243
154244
154245
154246
154247
154248
154249
154250
154251
154252
154253
154254
154255
154256
154257
154259
154260
154261
154262
154263
154264
154265
154266
154267
154268
154269
154270
154271
154272
154273
154274
154275
154276
154277
154278
154279
154280
154281
154282
154283
154284
154285
154286
154287
154288
154289
154290
154291
154292
154293
154294
154295
154296
154297
154298
154299
154300
154301
154302
154303
154304
154305
154306
154307
154308
154309
154310
154311
154312
154313
154314
154315
154316
154317
154318
154319
154320
154321
154322
154323
154324
154325
154326
154327
154328
154331
154333
154334
154335
154336
154337
154338
154339
154340
154341
154342
154343
154344
154345
154346
154347
154348
154349
154350
154351
154352
154353
154354
154355
154356
154357
154358
154359
154360
154361
154362
154363
154364
154365
154366
154367
154368
154369
154370
154371
154372
154373
154374
154375
154376
154377
154378
154379
154380
154381
154382
154383
154384
154385
154386
154387
154388
154389
154390
154391
154392
154393
154394
154395
154396
154397
154398
154399
154400
154401
154402
154403
154404
154405
154406
154407
154408
154409
154410
154411
154412
154413
154414
154415
154416
154417
154418
154419
154420
154421
154422
154423
154424
154425
154426
154427
154428
154430
154431
154432
154433
154434
154435
154436
154437
154438
154439
154440
154441
154442
154443
154444
154445
154446
154447
154448
154449
154450
154451
154452
154453
154454
154455
154456
154457
154458
154459
154460
154461
154463
154464
154465
154466
154468
154469
154470
154471
154472
154473
154474
154475
154476
154477
154478
154479
154480
154481
154482
154483
154484
154485
154486
154487
154488
154489
154490
154491
154492
154493
154494
154495
154496
154497
154498
154499
154500
154501
154502
154503
154504
154505
154506
154507
154508
154509
154510
154511
154512
154513
154514
154515
154516
154517
154518
154519
154520
154521
154522
154523
154524
154525
154526
154527
154528
154529
154530
154531
154532
154533
154534
154535
154536
154537
154538
154539
154540
154541
154542
154543
154544
154545
154546
154547
154548
154549
154550
154551
154552
154553
154554
154555
154556
154557
154558
154559
154560
154561
154562
154563
154564
154565
154566
154567
154568
154569
154570
154571
154572
154573
154574
154575
154576
154577
154578
154579
154580
154581
154582
154583
154584
154585
154586
154587
154589
154590
154591
154592
154593
154594
154595
154596
154597
154598
154599
154600
154601
154602
154603
154604
154605
154606
154607
154608
154609
154610
154611
154612
154613
154614
154615
154616
154617
154618
154619
154620
154621
154622
154623
154625
154626
154627
154628
154629
154630
154631
154632
154633
154634
154635
154636
154637
154638
154639
154640
154641
154642
154643
154644
154645
154646
154647
154648
154649
154650
154651
154652
154653
154654
154655
154656
154657
154658
154659
154660
154661
154662
154663
154664
154665
154666
154667
154668
154669
154670
154671
154672
154673
154674
154675
154676
154677
154678
154679
154680
154681
154682
154683
154684
154685
154686
154687
154688
154689
154690
154691
154692
154693
154694
154695
154696
154697
154698
154699
154700
154701
154702
154703
154704
154705
154706
154707
154708
154709
154710
154711
154712
154713
154714
154715
154716
154717
154718
154719
154720
154721
154722
154723
154724
154725
154726
154727
154728
154729
154730
154731
154732
154733
154734
154735
154736
154737
154738
154739
154740
154741
154742
154743
154744
154745
154746
154747
154748
154749
154750
154751
154752
154753
154754
154755
154756
154757
154758
154759
154760
154761
154762
154763
154764
154765
154766
154767
154768
154769
154770
154771
154773
154775
154776
154777
154778
154779
154780
154781
154782
154783
154784
154785
154786
154787
154788
154789
154790
154791
154792
154793
154794
154795
154796
154797
154798
154799
154800
154801
154802
154803
154804
154805
154806
154807
154808
154809
154810
154811
154812
154813
154814
154815
154816
154817
154818
154819
154820
154821
154822
154823
154824
154825
154826
154827
154828
154829
154830
154831
154832
154833
154834
154835
154836
154837
154838
154839
154840
154841
154842
154843
154844
154845
154846
154847
154848
154850
154852
154875
154876
154877
154879
154883
154885
154889
154892
154898
154902
154906
154907
154912
154913
154921
154922
154929
154935
154939
154940
154942
154944
154947
154948
154949
154951
154954
154955
154956
154961
154963
154969
154971
154975
154977
154979
154982
154983
154984
154990
154998
155012
155013
155028
155029
155030
155031
155032
155033
155034
155035
155036
155038
155039
155040
155041
155042
155043
155044
155045
155046
155047
155048
155051
155065
155070
155071
155072
155073
155075
155077
155078
155079
155080
155083
155084
155085
155086
155087
155088
155090
155091
155092
155093
155094
155095
155096
155097
155098
155099
155100
155101
155102
155103
155104
155105
155112
155115
155116
155119
155120
155121
155128
155134
155135
155140
155142
155143
155144
155145
155148
155149
155154
155161
155162
155163
155164
155165
155166
155167
155182
155184
155185
155187
155189
155190
155191
155192
155193
155195
155196
155198
155204
155205
155210
155219
155231
155556
155558
155591
155592
155595
155596
155597
155598
155599
155600
155635
155644
155648
155658
155672
155677
155812
155813
155814
155815
155816
155817
155818
155826
155827
155828
155829
155830
155831
155832
155833
155834
155835
155836
155837
155838
155839
155899
155903
155904
155905
155906
155907
155908
155909
156039
156041
156065
156067
156069
156074
156076
156102
156104
156110
156111
156113
156114
156115
156116
156117
156118
156119
156143
156155
156156
156157
156158
156159
156160
156161
156164
156183
156184
156185
156186
156187
156191
156192
156194
156195
156197
156198
156199
156200
156201
156202
156203
156205
156207
156208
156209
156210
156214
156215
156216
156217
156218
156219
156220
156221
156222
156223
156224
156226
156227
156228
156231
156248
156249
156251
156254
156255
156256
156258
156262
156263
156264
156265
156267
156268
156269
156270
156271
156272
156273
156274
156275
156276
156277
156278
156279
156280
156282
156283
156289
156290
156291
156293
156295
156296
156297
156298
156299
156300
156301
156302
156305
156307
156308
156309
156310
156311
156312
156313
156314
156315
156317
156318
156319
156321
156324
156325
156326
156329
156330
156333
156335
156336
156337
156341
156345
156349
156351
156353
156354
156355
156356
156357
156358
156360
156361
156362
156363
156364
156366
156368
156370
156372
156374
156376
156378
156379
156380
156381
156382
156383
156384
156385
156388
156389
156391
156393
156395
156397
156399
156400
156403
156405
156406
156407
156410
156411
156412
156414
156417
156418
156419
156421
156422
156423
156424
156425
156426
156427
156428
156429
156430
156431
156432
156433
156434
156435
156436
156437
156438
156439
156440
156441
156450
156452
156454
156456
156460
156463
156466
156467
156468
156470
156473
156475
156476
156477
156478
156479
156480
156481
156482
156483
156492
156500
156501
156502
156503
156506
156507
156508
156511
156515
156516
156517
156518
156519
156520
156521
156522
156523
156524
156525
156529
156530
156531
156532
156533
156534
156536
156538
156539
156540
156543
156544
156545
156547
156548
156549
156551
156553
156554
156555
156556
156557
156558
156559
156560
156561
156563
156564
156565
156566
156567
156568
156569
156573
156578
156579
156580
156581
156582
156583
156584
156585
156586
156587
156588
156597
156599
156601
156603
156604
156606
156608
156609
156611
156615
156618
156620
156622
156625
156626
156627
156629
156631
156632
156634
156636
156637
156642
156643
156647
156648
156650
156654
156656
156657
156660
156661
156662
156663
156664
156665
156799
156800
156801
156802
156803
156804
156805
156806
156807
156808
156809
156810
156811
156812
156830
156831
156832
156833
156836
156837
156839
156858
156861
156885
156897
156898
156899
156900
156901
156903
156911
156912
156913
156914
156915
156916
156917
156919
156932
156933
156934
156935
156936
156937
156938
156939
156940
156941
156942
156943
156944
156945
156946
156947
156948
156949
156950
156951
156952
156981
156982
156985
156986
156987
156988
156989
156990
156991
156992
156994
156996
156998
157001
157002
157005
157008
157010
157019
157021
157023
157027
157028
157029
157037
157039
157040
157041
157043
157045
157048
157049
157050
157052
157054
157055
157057
157059
157062
157063
157064
157066
157067
157070
157071
157072
157074
157075
157076
157077
157100
157107
157110
157111
157114
157115
157116
157117
157118
157119
157120
157121
157122
157123
157124
157125
157126
157127
157128
157129
157130
157131
157132
157133
157134
157135
157136
157137
157138
157139
157140
157141
157142
157143
157144
157145
157146
157147
157148
157149
157150
157151
157152
157153
157154
157155
157163
157164
157165
157166
157167
157168
157169
157170
157171
157172
157178
157179
157184
157185
157186
157187
157188
157189
157190
157191
157192
157193
157194
157195
157196
157197
157198
157199
157200
157202
157203
157204
157205
157206
157207
157208
157209
157210
157211
157212
157213
157214
157215
157216
157217
157218
157219
157220
157221
157222
157223
157224
157225
157226
157227
157228
157229
157230
157231
157232
157233
157234
157235
157236
157237
157238
157239
157240
157241
157242
157243
157244
157245
157246
157247
157250
157251
157252
157253
157254
157256
157261
157263
157268
157269
157270
157271
157272
157273
157274
157275
157276
157277
157278
157279
157280
157281
157282
157283
157284
157285
157286
157287
157288
157289
157290
157291
157292
157293
157294
157295
157296
157297
157298
157299
157300
157301
157302
157303
157304
157305
157306
157307
157308
157309
157310
157311
157312
157313
157314
157315
157316
157317
157318
157319
157320
157321
157322
157323
157324
157325
157326
157327
157328
157329
157330
157331
157332
157333
157334
157335
157336
157337
157338
157339
157340
157341
157342
157343
157344
157345
157346
157347
157348
157349
157350
157351
157352
157353
157354
157355
157356
157357
157358
157359
157360
157361
157362
157363
157364
157365
157366
157367
157368
157369
157370
157371
157372
157373
157374
157375
157376
157377
157378
157379
157380
157381
157382
157383
157384
157385
157386
157387
157388
157389
157390
157391
157392
157393
157394
157395
157396
157397
157398
157399
157400
157401
157402
157403
157404
157405
157406
157407
157408
157409
157410
157411
157413
157429
157430
157432
157434
157435
157436
157437
157438
157439
157440
157441
157443
157444
157445
157446
157448
157449
157450
157451
157452
157453
157456
157457
157458
157459
157460
157461
157462
157463
157464
157465
157466
157467
157468
157469
157470
157471
157472
157474
157475
157476
157477
157478
157479
157480
157481
157482
157483
157484
157485
157487
157489
157492
157493
157494
157495
157496
157497
157498
157499
157500
157501
157502
157503
157504
157505
157506
157507
157508
157509
157510
157511
157512
157513
157515
157520
157521
157522
157523
157524
157525
157526
157527
157528
157530
157532
157535
157536
157537
157539
157540
157541
157543
157544
157545
157546
157548
157549
157550
157551
157552
157553
157554
157555
157556
157557
157558
157559
157560
157561
157569
157570
157571
157572
157574
157576
157577
157578
157580
157581
157582
157590
157591
157592
157593
157594
157595
157596
157597
157598
157599
157600
157601
157602
157603
157604
157605
157606
157607
157608
157609
157610
157611
157612
157613
157614
157615
157616
157617
157618
157619
157620
157621
157622
157623
157624
157625
157626
157627
157628
157629
157630
157631
157632
157633
157634
157635
157636
157637
157638
157639
157640
157641
157642
157643
157644
157645
157646
157647
157648
157649
157650
157651
157652
157653
157654
157655
157656
157657
157658
157659
157660
157661
157662
157663
157664
157665
157666
157667
157668
157669
157670
157671
157672
157673
157674
157675
157676
157677
157678
157679
157680
157681
157682
157683
157684
157685
157686
157687
157688
157689
157690
157691
157692
157693
157694
157695
157696
157697
157698
157699
157700
157701
157702
157703
157704
157705
157706
157707
157708
157709
157710
157711
157712
157713
157716
157717
157718
157719
157720
157721
157722
157723
157724
157725
157726
157727
157728
157729
157730
157731
157732
157733
157734
157735
157736
157737
157739
157741
157743
157744
157745
157746
157747
157748
157749
157750
157751
157752
157753
157755
157757
157758
157759
157760
157761
157762
157763
157765
157766
157767
157768
157769
157770
157772
157773
157774
157775
157776
157777
157778
157779
157780
157781
157782
157783
157784
157785
157786
157787
157788
157789
157790
157791
157792
157793
157794
157795
157796
157797
157798
157799
157800
157802
157803
157804
157805
157806
157807
157808
157809
157810
157811
157812
157813
157814
157815
157816
157817
157818
157819
157820
157821
157822
157823
157824
157825
157826
157827
157828
157829
157830
157831
157832
157833
157834
157835
157836
157837
157838
157839
157840
157841
157842
157843
157844
157845
157846
157847
157848
157849
157850
157851
157852
157853
157854
157855
157856
157857
157858
157859
157860
157861
157862
157863
157864
157865
157866
157867
157868
157869
157870
157871
157872
157873
157874
157875
157876
157877
157878
157879
157880
157881
157882
157883
157884
157885
157886
157887
157888
157889
157890
157891
157892
157893
157895
157897
157898
157899
157900
157901
157902
157903
157904
157905
157906
157907
157908
157909
157910
157911
157912
157913
157914
157915
157916
157917
157918
157919
157920
157921
157922
157923
157924
157925
157926
157927
157928
157930
157931
157933
157934
157935
157936
157937
157938
157939
157940
157941
157942
157943
157944
157945
157946
157948
157949
157951
157953
157954
157955
157956
157957
157958
157959
157960
157961
157962
157963
157964
157965
157966
157967
157968
157969
157970
157971
157972
157973
157974
157975
157976
157977
157978
157979
157980
157981
157982
157983
157984
157985
157986
157987
157988
157989
157990
157991
157992
157993
157994
157995
157996
157997
157998
157999
158000
158001
158002
158003
158004
158005
158006
158007
158008
158009
158010
158011
158012
158013
158014
158015
158016
158017
158018
158019
158020
158021
158022
158023
158024
158025
158026
158027
158028
158029
158030
158031
158032
158033
158034
158035
158036
158037
158038
158039
158040
158041
158042
158043
158044
158045
158046
158047
158048
158049
158050
158051
158052
158053
158054
158055
158056
158057
158058
158059
158060
158061
158062
158063
158065
158066
158067
158068
158069
158070
158071
158072
158073
158074
158075
158076
158077
158078
158079
158080
158081
158082
158083
158084
158085
158086
158087
158088
158089
158090
158091
158092
158093
158094
158095
158096
158097
158098
158099
158100
158101
158102
158103
158104
158105
158106
158107
158108
158109
158110
158111
158112
158113
158114
158115
158116
158117
158118
158119
158120
158121
158122
158123
158124
158125
158126
158127
158128
158129
158130
158131
158132
158133
158134
158135
158136
158137
158138
158139
158140
158141
158142
158143
158144
158145
158146
158147
158148
158149
158150
158151
158152
158153
158154
158155
158156
158157
158158
158159
158160
158161
158162
158163
158164
158165
158166
158167
158168
158169
158170
158171
158172
158173
158174
158175
158176
158177
158178
158179
158180
158181
158182
158183
158184
158185
158186
158187
158188
158189
158190
158191
158192
158193
158194
158195
158196
158197
158198
158199
158200
158201
158202
158203
158204
158205
158206
158207
158208
158209
158210
158211
158212
158213
158214
158215
158216
158217
158218
158219
158220
158221
158222
158223
158224
158225
158226
158227
158228
158229
158230
158231
158232
158233
158234
158235
158236
158237
158238
158239
158240
158241
158242
158243
158244
158245
158246
158247
158248
158249
158250
158251
158252
158253
158254
158255
158256
158257
158258
158259
158260
158261
158262
158263
158264
158265
158266
158267
158268
158269
158270
158272
158273
158274
158275
158276
158277
158278
158279
158280
158281
158282
158283
158284
158285
158286
158287
158288
158289
158290
158291
158292
158293
158294
158295
158296
158297
158298
158299
158300
158301
158302
158303
158304
158305
158306
158307
158308
158309
158310
158311
158312
158313
158314
158315
158316
158317
158318
158319
158320
158321
158322
158323
158324
158325
158326
158327
158328
158329
158330
158331
158332
158333
158334
158335
158336
158337
158338
158339
158340
158341
158342
158343
158344
158345
158346
158347
158348
158349
158350
158351
158352
158353
158354
158355
158356
158357
158358
158359
158360
158361
158362
158363
158364
158365
158366
158367
158368
158369
158370
158371
158372
158373
158374
158375
158376
158377
158378
158379
158380
158381
158382
158383
158384
158385
158386
158387
158388
158389
158390
158391
158392
158393
158394
158395
158396
158397
158398
158399
158400
158401
158402
158403
158404
158405
158406
158407
158408
158409
158410
158411
158412
158413
158414
158415
158416
158417
158418
158419
158420
158421
158422
158423
158424
158425
158426
158427
158428
158429
158430
158431
158432
158433
158434
158435
158436
158437
158438
158439
158440
158441
158442
158443
158444
158445
158446
158447
158448
158449
158450
158451
158453
158454
158456
158457
158458
158459
158460
158461
158462
158463
158464
158465
158466
158467
158468
158469
158470
158471
158472
158473
158474
158475
158476
158477
158478
158479
158480
158481
158482
158483
158484
158485
158486
158487
158488
158489
158490
158491
158492
158493
158494
158495
158496
158497
158498
158499
158500
158501
158502
158503
158504
158505
158506
158507
158508
158509
158510
158511
158512
158513
158514
158515
158516
158517
158518
158519
158520
158521
158523
158524
158525
158526
158527
158528
158529
158530
158531
158532
158533
158534
158535
158536
158537
158538
158539
158540
158541
158542
158543
158544
158545
158546
158547
158548
158549
158550
158551
158552
158553
158554
158555
158556
158557
158558
158559
158560
158561
158562
158563
158564
158565
158566
158567
158568
158569
158570
158571
158572
158573
158574
158575
158576
158577
158578
158579
158580
158581
158582
158583
158584
158585
158586
158587
158588
158589
158590
158591
158592
158593
158594
158595
158596
158597
158598
158599
158600
158601
158602
158603
158604
158605
158606
158607
158608
158609
158610
158611
158612
158613
158614
158615
158616
158617
158618
158619
158620
158621
158622
158623
158624
158625
158626
158627
158628
158629
158630
158631
158632
158633
158634
158635
158636
158637
158638
158639
158640
158641
158642
158643
158644
158645
158646
158647
158648
158649
158650
158651
158652
158653
158654
158655
158656
158657
158658
158659
158660
158661
158662
158663
158664
158665
158666
158667
158668
158669
158670
158671
158672
158673
158674
158675
158676
158677
158678
158679
158680
158681
158682
158683
158684
158685
158686
158687
158688
158689
158690
158691
158692
158693
158694
158695
158696
158697
158698
158699
158700
158701
158702
158703
158704
158705
158706
158707
158708
158709
158710
158711
158712
158713
158714
158715
158716
158717
158718
158719
158720
158721
158722
158723
158724
158725
158726
158727
158728
158729
158730
158731
158732
158733
158734
158735
158736
158737
158738
158739
158740
158741
158742
158743
158744
158745
158746
158747
158748
158749
158750
158751
158752
158753
158754
158755
158756
158757
158758
158759
158760
158761
158762
158763
158764
158765
158766
158767
158768
158769
158770
158771
158772
158773
158774
158775
158776
158777
158778
158779
158780
158781
158782
158783
158784
158785
158786
158787
158788
158789
158790
158791
158792
158793
158794
158795
158796
158797
158798
158799
158800
158801
158802
158803
158804
158805
158806
158807
158808
158809
158810
158811
158812
158813
158814
158815
158816
158817
158818
158819
158820
158821
158822
158823
158824
158825
158826
158827
158828
158829
158830
158831
158832
158833
158834
158835
158836
158837
158838
158839
158840
158841
158842
158843
158844
158845
158846
158847
158848
158849
158850
158851
158852
158853
158854
158855
158856
158857
158858
158859
158860
158861
158862
158863
158864
158865
158866
158867
158868
158869
158870
158871
158872
158873
158874
158875
158876
158877
158878
158879
158880
158881
158882
158883
158884
158885
158886
158887
158888
158889
158890
158891
158892
158893
158894
158895
158896
158897
158898
158899
158900
158901
158902
158903
158904
158905
158906
158907
158908
158909
158910
158911
158912
158913
158914
158915
158916
158917
158918
158919
158920
158921
158922
158923
158924
158925
158926
158927
158928
158929
158930
158931
158932
158933
158934
158935
158936
158937
158938
158939
158940
158941
158942
158943
158944
158945
158946
158947
158948
158949
158950
158951
158952
158953
158954
158955
158956
158957
158958
158959
158960
158961
158962
158963
158964
158965
158966
158967
158968
158969
158970
158971
158972
158973
158974
158975
158976
158977
158978
158979
158980
158981
158982
158983
158984
158985
158986
158987
158988
158989
158990
158991
158992
158993
158994
158995
158996
158997
158998
158999
159000
159001
159002
159003
159004
159005
159006
159007
159008
159009
159010
159011
159012
159013
159014
159015
159016
159017
159018
159019
159020
159021
159022
159023
159024
159025
159026
159027
159028
159029
159030
159031
159032
159033
159034
159035
159036
159037
159038
159039
159040
159041
159042
159043
159044
159045
159046
159047
159048
159049
159050
159051
159052
159053
159054
159055
159056
159057
159058
159059
159060
159061
159062
159063
159064
159065
159066
159067
159068
159069
159070
159071
159072
159073
159074
159075
159076
159077
159078
159079
159080
159081
159082
159083
159084
159085
159086
159087
159088
159091
159093
159094
159095
159096
159097
159098
159099
159100
159101
159102
159103
159104
159105
159106
159107
159108
159109
159110
159111
159112
159113
159114
159115
159116
159117
159118
159119
159120
159121
159122
159123
159124
159125
159126
159127
159128
159129
159130
159131
159132
159134
159135
159137
159138
159139
159140
159141
159142
159143
159144
159145
159146
159148
159149
159151
159152
159153
159154
159155
159156
159157
159158
159159
159160
159161
159162
159163
159164
159165
159166
159167
159168
159169
159170
159171
159172
159173
159174
159175
159176
159177
159178
159179
159180
159181
159182
159183
159184
159185
159186
159187
159188
159189
159190
159191
159192
159193
159194
159195
159196
159197
159198
159199
159200
159201
159202
159203
159204
159205
159206
159207
159208
159209
159210
159211
159212
159213
159214
159215
159216
159217
159218
159219
159220
159221
159222
159223
159224
159225
159226
159227
159228
159229
159230
159231
159232
159233
159234
159235
159236
159237
159238
159239
159240
159241
159242
159243
159244
159245
159246
159247
159248
159249
159250
159251
159252
159253
159254
159255
159256
159257
159258
159259
159260
159261
159262
159263
159264
159265
159266
159267
159268
159269
159270
159271
159272
159273
159274
159275
159276
159277
159278
159279
159280
159281
159282
159283
159284
159285
159286
159287
159288
159289
159290
159292
159296
159298
159299
159300
159301
159302
159303
159304
159305
159306
159307
159308
159309
159310
159311
159312
159313
159314
159315
159316
159317
159318
159319
159320
159321
159322
159323
159324
159326
159327
159328
159329
159330
159331
159332
159364
159368
159372
159375
159379
159399
159403
159405
159407
159408
159412
159413
159431
159434
159435
159436
159438
159442
159446
159447
159450
159457
159458
159459
159464
159469
159471
159516
159517
159529
159533
159534
159536
159537
159538
159539
159544
159547
159548
159559
159565
159571
159572
159573
159574
159575
159576
159577
159579
159582
159592
159593
159594
159595
159596
159597
159598
159599
159602
159603
159604
159607
159620
159622
159628
159641
159642
159643
159644
159645
159646
159647
159649
159662
159664
159665
159667
159669
159670
159671
159675
159677
159678
159692
159694
159696
159700
159701
159702
160153
160157
160159
160160
160161
160162
160163
160164
160165
160170
160171
160209
160210
160211
160212
160213
160216
160218
160220
160302
160304
160310
160311
160315
160320
160324
160325
160327
160332
160348
160353
160355
160361
160362
160366
160367
160383
160390
160397
160402
160411
160415
160416
160418
160423
160443
160444
160449
160452
160463
160465
160472
160473
160474
160478
160481
160487
160491
160493
160503
160504
160506
160509
160514
160559
160561
160564
160600
160601
160602
160603
160604
160605
160606
160650
160651
160655
160662
160681
160682
160683
160700
160702
160704
160740
160754
160755
160756
160757
160758
160759
160760
160762
160765
160769
160770
160779
160786
160787
160791
160792
160796
160799
160800
160801
160802
160803
160807
160811
160812
160813
160816
160817
160818
160819
160820
160821
160822
160823
160825
160826
160827
160829
160832
160833
160845
160846
160847
160848
160849
160850
160851
160852
160853
160854
160855
160856
160857
160858
160863
160864
160873
160874
160875
160876
160877
160878
160879
160881
160895
160897
160899
160900
160902
160903
160906
160907
160916
160917
160918
160920
160922
160925
160926
160927
160930
160931
160935
160936
160937
160938
160939
160940
160941
160942
160950
160951
160952
160953
160954
160955
160956
160958
160959
160960
160962
160965
160966
160967
160969
160971
160972
160973
160974
160975
160976
160977
160978
160980
160982
160984
160985
160986
160987
160988
160989
160990
160991
160994
160995
160996
160997
161000
161001
161004
161005
161006
161007
161008
161009
161010
161011
161012
161021
161022
161025
161027
161028
161029
161030
161031
161032
161033
161042
161044
161048
161049
161050
161051
161052
161053
161054
161063
161066
161072
161073
161076
161077
161078
161079
161081
161107
161108
161109
161110
161114
161115
161116
161117
161132
161135
161136
161146
161147
161148
161149
161150
161151
161152
161153
161154
161155
161156
161157
161158
161159
161181
161182
161183
161184
161185
161186
161187
161189
161190
161191
161194
161224
161225
161226
161229
161237
161238
161239
161240
161243
161251
161253
161254
161259
161261
161262
161279
161280
161281
161282
161283
161284
161285
161287
161288
161289
161292
161308
161309
161310
161313
161314
161315
161316
161317
161318
161319
161320
161345
161346
161347
161348
161356
161357
161358
161359
161360
161361
161362
161363
161366
161368
161369
161377
161378
161379
161380
161381
161382
161383
161384
161385
161386
161387
161388
161389
161390
161391
161392
161394
161398
161405
161408
161409
161412
161413
161414
161415
161416
161417
161418
161419
161420
161421
161423
161424
161426
161427
161428
161429
161430
161431
161432
161433
161434
161435
161436
161437
161438
161439
161440
161442
161447
161448
161449
161450
161451
161452
161453
161454
161455
161456
161457
161458
161459
161460
161461
161462
161463
161464
161465
161466
161467
161468
161469
161470
161471
161472
161473
161474
161475
161476
161477
161478
161479
161480
161481
161482
161483
161484
161485
161486
161487
161488
161489
161490
161491
161492
161493
161494
161495
161512
161517
161518
161519
161520
161521
161523
161524
161525
161526
161527
161528
161529
161530
161531
161532
161533
161535
161536
161539
161540
161542
161545
161547
161550
161552
161553
161555
161556
161557
161559
161561
161562
161563
161564
161566
161567
161568
161570
161571
161573
161574
161575
161576
161577
161578
161579
161580
161581
161582
161583
161584
161587
161588
161589
161590
161591
161592
161593
161594
161595
161596
161597
161598
161599
161600
161609
161611
161612
161613
161614
161629
161630
161631
161632
161633
161634
161635
161636
161637
161638
161639
161640
161641
161642
161643
161644
161645
161646
161647
161648
161649
161650
161651
161652
161653
161654
161655
161656
161657
161658
161659
161660
161661
161662
161664
161665
161666
161668
161669
161671
161672
161673
161674
161675
161676
161677
161678
161679
161680
161681
161682
161683
161685
161686
161688
161689
161690
161692
161693
161694
161695
161696
161697
161699
161700
161701
161702
161703
161704
161705
161706
161707
161709
161710
161712
161714
161716
161717
161718
161720
161721
161722
161723
161724
161725
161726
161727
161728
161729
161730
161731
161732
161733
161734
161735
161736
161737
161738
161739
161740
161741
161742
161743
161744
161745
161746
161747
161748
161749
161750
161751
161752
161753
161754
161755
161756
161757
161758
161759
161760
161761
161762
161763
161764
161765
161766
161767
161768
161769
161770
161771
161772
161773
161774
161775
161776
161777
161778
161779
161780
161781
161782
161783
161784
161785
161786
161787
161788
161790
161791
161792
161793
161794
161795
161796
161797
161798
161799
161800
161801
161802
161803
161804
161805
161806
161807
161810
161811
161812
161813
161814
161815
161816
161817
161818
161819
161820
161821
161822
161823
161824
161825
161826
161827
161828
161829
161830
161831
161832
161833
161834
161835
161836
161837
161838
161839
161840
161841
161842
161843
161844
161845
161846
161847
161848
161849
161850
161851
161852
161853
161854
161855
161856
161857
161858
161859
161860
161861
161862
161863
161864
161865
161866
161867
161868
161869
161870
161871
161872
161873
161874
161875
161876
161877
161878
161879
161880
161881
161882
161883
161884
161885
161886
161887
161888
161889
161890
161891
161892
161893
161894
161895
161896
161897
161898
161899
161900
161901
161902
161903
161904
161905
161906
161907
161908
161909
161910
161911
161912
161913
161914
161915
161916
161917
161918
161919
161920
161921
161922
161923
161924
161925
161926
161927
161928
161929
161930
161931
161932
161933
161934
161935
161936
161937
161938
161939
161940
161941
161942
161943
161944
161945
161946
161947
161949
161950
161951
161952
161953
161954
161955
161956
161957
161958
161959
161960
161961
161962
161963
161964
161965
161966
161967
161968
161969
161970
161971
161972
161973
161974
161975
161976
161977
161978
161979
161980
161981
161982
161983
161984
161985
161986
161987
161988
161989
161990
161991
161992
161993
161994
161995
161996
161998
161999
162000
162001
162002
162003
162004
162005
162006
162007
162008
162009
162010
162011
162012
162013
162014
162015
162016
162017
162018
162019
162020
162021
162022
162023
162024
162025
162026
162027
162028
162029
162030
162031
162032
162033
162034
162035
162036
162037
162038
162039
162040
162041
162042
162043
162044
162045
162046
162047
162048
162049
162050
162051
162052
162053
162054
162055
162056
162057
162058
162059
162060
162061
162062
162063
162064
162065
162066
162067
162068
162069
162070
162071
162072
162073
162074
162075
162076
162077
162078
162079
162080
162081
162082
162083
162084
162085
162086
162087
162088
162089
162090
162091
162092
162093
162094
162095
162096
162097
162098
162099
162100
162101
162102
162103
162104
162105
162106
162107
162108
162109
162110
162111
162112
162113
162114
162115
162116
162117
162118
162119
162120
162121
162122
162123
162124
162125
162126
162127
162128
162129
162130
162131
162132
162133
162134
162135
162136
162137
162138
162139
162140
162141
162142
162143
162144
162145
162146
162147
162148
162149
162150
162151
162152
162153
162154
162155
162156
162157
162158
162159
162160
162161
162162
162163
162164
162165
162166
162167
162168
162169
162170
162171
162172
162173
162174
162175
162176
162177
162178
162179
162180
162181
162182
162183
162184
162185
162186
162187
162188
162189
162190
162191
162192
162193
162194
162195
162196
162197
162198
162199
162200
162201
162203
162204
162205
162206
162207
162208
162209
162210
162211
162212
162213
162214
162215
162216
162217
162218
162219
162220
162221
162222
162223
162224
162225
162226
162227
162228
162229
162230
162231
162232
162233
162234
162235
162236
162237
162238
162239
162240
162241
162242
162243
162244
162245
162246
162247
162248
162249
162250
162251
162252
162253
162254
162255
162256
162257
162258
162259
162260
162261
162262
162263
162264
162265
162266
162267
162268
162269
162270
162271
162272
162273
162274
162275
162276
162277
162278
162279
162280
162281
162282
162283
162284
162285
162286
162287
162288
162289
162290
162291
162292
162293
162294
162295
162296
162297
162298
162299
162300
162301
162302
162303
162304
162305
162306
162307
162308
162309
162310
162311
162312
162313
162314
162315
162316
162317
162318
162319
162320
162321
162322
162323
162324
162325
162326
162327
162328
162329
162330
162331
162332
162333
162334
162335
162336
162337
162338
162339
162340
162341
162342
162343
162344
162345
162346
162347
162348
162349
162350
162351
162352
162353
162354
162355
162356
162357
162358
162359
162360
162361
162362
162363
162364
162365
162366
162367
162368
162369
162370
162371
162372
162373
162374
162375
162376
162377
162378
162379
162380
162381
162382
162383
162384
162385
162386
162387
162388
162389
162390
162391
162392
162393
162394
162395
162396
162397
162398
162399
162400
162401
162402
162403
162404
162405
162406
162407
162408
162409
162410
162411
162412
162413
162414
162415
162416
162417
162418
162419
162420
162421
162422
162423
162424
162425
162426
162427
162428
162429
162430
162431
162432
162433
162434
162435
162436
162437
162438
162439
162440
162441
162442
162443
162444
162445
162446
162447
162448
162449
162450
162451
162452
162453
162454
162455
162456
162457
162458
162459
162460
162461
162462
162463
162464
162465
162466
162467
162468
162469
162470
162471
162472
162473
162474
162475
162476
162477
162478
162479
162480
162481
162482
162483
162484
162485
162486
162487
162488
162489
162490
162491
162492
162493
162494
162495
162496
162497
162498
162499
162500
162501
162502
162503
162504
162505
162506
162507
162508
162509
162510
162511
162512
162513
162514
162515
162516
162517
162518
162519
162520
162521
162522
162523
162524
162525
162526
162529
162530
162532
162533
162534
162535
162536
162537
162538
162539
162540
162541
162542
162543
162544
162545
162546
162547
162548
162549
162550
162551
162552
162553
162554
162555
162556
162557
162558
162559
162560
162561
162562
162563
162564
162565
162566
162567
162568
162569
162570
162571
162572
162573
162574
162575
162576
162577
162578
162579
162580
162581
162582
162583
162584
162585
162586
162587
162588
162589
162590
162591
162592
162593
162594
162595
162596
162597
162598
162599
162600
162601
162602
162603
162604
162605
162606
162607
162608
162609
162610
162611
162612
162613
162614
162615
162616
162617
162618
162619
162620
162621
162622
162623
162624
162625
162626
162627
162628
162629
162630
162631
162632
162633
162634
162635
162636
162637
162638
162639
162640
162641
162642
162643
162644
162645
162646
162647
162648
162649
162650
162651
162652
162653
162654
162655
162656
162657
162658
162659
162660
162661
162662
162663
162664
162665
162666
162667
162668
162669
162670
162671
162672
162673
162674
162675
162676
162677
162678
162679
162680
162681
162682
162683
162684
162685
162686
162687
162688
162689
162690
162691
162692
162693
162694
162695
162696
162697
162698
162699
162700
162701
162702
162703
162704
162705
162706
162707
162708
162709
162710
162711
162712
162713
162714
162715
162716
162717
162718
162719
162720
162721
162722
162723
162724
162725
162726
162727
162728
162729
162730
162731
162732
162733
162734
162735
162736
162737
162738
162739
162740
162741
162742
162743
162744
162745
162746
162747
162748
162749
162750
162751
162752
162753
162754
162755
162756
162757
162758
162759
162760
162761
162762
162763
162764
162765
162766
162767
162768
162769
162770
162771
162772
162773
162774
162775
162776
162777
162778
162779
162780
162781
162782
162783
162784
162785
162786
162787
162788
162790
162791
162792
162793
162794
162795
162796
162797
162798
162799
162800
162801
162802
162803
162804
162805
162806
162807
162808
162809
162810
162811
162812
162813
162814
162815
162816
162817
162818
162819
162820
162821
162822
162823
162824
162825
162826
162827
162828
162829
162830
162832
162833
162834
162835
162836
162837
162838
162839
162840
162841
162842
162843
162844
162845
162846
162847
162848
162849
162850
162851
162852
162853
162854
162855
162856
162857
162858
162859
162860
162861
162862
162863
162864
162865
162866
162867
162868
162869
162870
162871
162872
162873
162874
162875
162876
162877
162878
162879
162880
162881
162882
162883
162884
162885
162886
162887
162888
162889
162890
162891
162892
162893
162894
162895
162896
162897
162898
162899
162900
162901
162902
162903
162904
162905
162906
162907
162908
162909
162910
162911
162912
162913
162914
162915
162916
162917
162918
162919
162920
162921
162922
162923
162924
162925
162926
162927
162928
162929
162930
162931
162932
162933
162934
162935
162936
162937
162938
162939
162940
162941
162942
162943
162944
162945
162946
162947
162948
162949
162950
162951
162952
162953
162954
162955
162956
162957
162958
162959
162960
162961
162962
162963
162964
162965
162966
162967
162968
162969
162970
162971
162972
162973
162974
162976
162977
162978
162979
162980
162981
162982
162983
162984
162985
162986
162987
162988
162989
162990
162991
162992
162993
162994
162995
162996
162997
162998
162999
163000
163001
163002
163003
163004
163005
163006
163007
163008
163009
163010
163011
163012
163013
163014
163015
163016
163017
163018
163019
163020
163021
163022
163023
163024
163025
163026
163027
163028
163030
163031
163033
163034
163059
163069
163108
163114
163117
163127
163128
163132
163144
163146
163157
163160
163187
163190
163191
163192
163193
163194
163195
163196
163225
163229
163247
163248
163251
163288
163296
163300
163302
163303
163304
163305
163306
163308
163309
163310
163311
163312
163313
163314
163315
163316
163321
163330
163331
163332
163333
163334
163335
163336
163338
163339
163346
163347
163552
163578
163580
163585
163587
163589
163590
163591
163592
163593
163594
163595
163653
163657
163661
163663
163706
163709
163710
163712
163718
163729
163753
163754
163757
163758
163759
163760
163761
163762
163763
163765
163766
163768
163772
163773
163775
163786
163790
163831
163833
163849
163851
163899
163936
163937
163942
163944
163948
163951
163958
163959
163974
163978
164024
164026
164029
164053
164139
164140
164159
164161
164177
164178
164179
164180
164181
164182
164183
164192
164193
164194
164197
164200
164201
164205
164208
164209
164210
164211
164212
164215
164226
164227
164228
164229
164230
164231
164232
164234
164241
164242
164247
164248
164249
164250
164251
164252
164253
164255
164256
164259
164268
164269
164270
164271
164272
164273
164274
164275
164277
164279
164283
164284
164285
164287
164289
164290
164291
164292
164293
164294
164295
164303
164304
164305
164306
164307
164308
164309
164312
164314
164315
164316
164331
164334
164335
164345
164346
164347
164348
164349
164350
164351
164356
164357
164367
164368
164370
164374
164375
164376
164378
164394
164395
164396
164397
164398
164399
164400
164401
164402
164403
164404
164405
164406
164407
164436
164438
164443
164444
164445
164446
164447
164448
164449
164457
164458
164459
164460
164461
164462
164463
164464
164465
164466
164467
164468
164469
164470
164486
164488
164489
164491
164499
164503
164504
164505
164506
164510
164512
164527
164528
164529
164530
164531
164532
164533
164541
164542
164543
164544
164545
164546
164547
164562
164564
164565
164567
164569
164570
164571
164572
164573
164574
164575
164583
164584
164585
164586
164587
164588
164589
164611
164612
164613
164614
164615
164616
164617
164639
164640
164641
164642
164643
164644
164645
164646
164647
164648
164649
164650
164651
164652
164653
164654
164656
164657
164658
164660
164661
164662
164663
164664
164665
164666
164667
164669
164676
164681
164682
164683
164684
164685
164686
164687
164688
164689
164690
164691
164692
164693
164694
164695
164696
164697
164698
164699
164700
164701
164702
164703
164704
164706
164709
164710
164711
164715
164716
164717
164718
164719
164720
164721
164722
164730
164731
164732
164733
164734
164735
164736
164737
164738
164739
164740
164741
164742
164743
164744
164745
164746
164747
164748
164749
164750
164751
164752
164753
164754
164756
164758
164759
164760
164761
164762
164763
164764
164765
164766
164768
164769
164770
164772
164773
164775
164776
164777
164778
164779
164780
164781
164782
164783
164784
164785
164786
164787
164788
164789
164790
164791
164792
164793
164794
164795
164796
164797
164800
164801
164802
164803
164804
164807
164808
164809
164810
164811
164812
164813
164814
164815
164816
164817
164818
164819
164820
164821
164822
164823
164824
164825
164826
164827
164828
164829
164830
164831
164832
164833
164834
164835
164836
164837
164838
164839
164840
164841
164842
164843
164844
164845
164846
164847
164848
164849
164850
164851
164852
164853
164854
164855
164856
164857
164858
164859
164860
164861
164862
164863
164864
164865
164866
164867
164868
164869
164870
164871
164872
164873
164874
164875
164876
164877
164878
164879
164880
164881
164882
164883
164884
164885
164886
164887
164888
164889
164890
164891
164892
164893
164894
164895
164896
164897
164898
164899
164900
164901
164902
164903
164904
164905
164906
164907
164908
164909
164910
164911
164912
164913
164914
164915
164916
164917
164918
164919
164920
164921
164922
164923
164924
164925
164926
164927
164928
164929
164930
164931
164932
164933
164934
164935
164936
164937
164938
164939
164940
164941
164942
164943
164944
164945
164946
164947
164948
164949
164950
164951
164952
164953
164954
164955
164956
164957
164958
164959
164960
164961
164962
164963
164964
164965
164966
164967
164968
164969
164970
164971
164972
164975
164976
164977
164978
164979
164980
164981
164982
164983
164984
164985
164986
164987
164988
164989
164990
164991
164992
164993
164994
164995
164996
164997
164998
164999
165000
165001
165002
165003
165004
165005
165006
165007
165008
165009
165010
165011
165012
165013
165014
165015
165016
165017
165018
165019
165021
165022
165024
165025
165026
165027
165028
165029
165030
165031
165032
165033
165034
165035
165036
165037
165038
165039
165040
165041
165042
165043
165044
165045
165046
165047
165048
165049
165050
165051
165052
165053
165054
165055
165056
165057
165058
165059
165060
165061
165062
165063
165064
165065
165066
165067
165068
165069
165070
165071
165072
165073
165074
165075
165076
165077
165078
165079
165080
165081
165082
165083
165084
165085
165086
165087
165088
165089
165090
165091
165092
165093
165094
165095
165096
165097
165098
165099
165100
165101
165102
165103
165104
165105
165106
165107
165108
165109
165110
165111
165112
165113
165114
165115
165116
165117
165118
165119
165120
165121
165122
165123
165124
165125
165126
165127
165128
165129
165130
165131
165132
165133
165134
165135
165136
165137
165138
165139
165140
165141
165142
165143
165144
165145
165146
165147
165148
165149
165150
165151
165152
165153
165154
165155
165156
165157
165158
165159
165160
165161
165162
165163
165164
165165
165166
165167
165168
165169
165170
165171
165172
165173
165174
165175
165176
165177
165178
165179
165180
165181
165182
165183
165184
165185
165186
165187
165188
165189
165190
165191
165192
165193
165194
165195
165196
165197
165198
165199
165200
165201
165202
165203
165204
165205
165206
165207
165208
165209
165210
165211
165212
165213
165214
165215
165216
165217
165218
165219
165220
165221
165222
165223
165224
165225
165226
165227
165228
165229
165230
165231
165232
165233
165234
165235
165236
165237
165238
165239
165240
165241
165242
165243
165244
165245
165246
165247
165248
165249
165250
165251
165252
165253
165254
165255
165256
165257
165258
165259
165260
165261
165262
165263
165264
165265
165266
165267
165268
165269
165270
165271
165272
165273
165274
165275
165276
165277
165278
165279
165280
165281
165282
165283
165284
165285
165286
165287
165288
165289
165290
165291
165292
165293
165294
165295
165296
165297
165298
165299
165300
165301
165302
165303
165304
165305
165306
165307
165308
165309
165310
165311
165312
165313
165314
165315
165316
165317
165318
165319
165320
165321
165322
165323
165324
165325
165326
165327
165328
165329
165330
165331
165332
165333
165334
165335
165336
165337
165338
165339
165340
165341
165342
165343
165344
165345
165346
165347
165348
165349
165350
165351
165352
165353
165354
165355
165356
165357
165358
165359
165360
165361
165362
165363
165364
165365
165366
165367
165368
165369
165370
165371
165372
165373
165374
165375
165376
165377
165378
165379
165380
165381
165383
165384
165385
165386
165387
165388
165389
165390
165391
165392
165393
165394
165395
165396
165397
165398
165399
165400
165401
165402
165403
165404
165405
165406
165407
165408
165409
165410
165411
165412
165413
165414
165415
165416
165417
165418
165419
165420
165421
165422
165423
165424
165425
165426
165427
165428
165429
165430
165431
165432
165433
165434
165435
165436
165437
165438
165439
165440
165441
165442
165443
165444
165445
165446
165447
165448
165449
165450
165451
165452
165453
165454
165455
165456
165457
165458
165459
165460
165461
165462
165463
165464
165465
165466
165467
165468
165469
165470
165471
165472
165473
165474
165475
165476
165477
165479
165480
165481
165482
165483
165484
165485
165486
165487
165488
165489
165490
165491
165492
165493
165494
165495
165496
165497
165498
165499
165500
165501
165502
165503
165504
165505
165506
165507
165508
165509
165510
165511
165512
165513
165514
165515
165516
165517
165518
165519
165520
165521
165522
165523
165524
165525
165526
165527
165528
165529
165531
165532
165533
165535
165536
165537
165538
165539
165540
165541
165553
165594
165595
165598
165599
165600
165601
165602
165603
165604
165690
165694
165710
165711
165712
165713
165714
165715
165716
165781
165783
166001
166035
166036
166039
166040
166041
166042
166043
166044
166045
166046
166047
166048
166049
166050
166051
166052
166054
166055
166057
166061
166062
166064
166075
166096
166098
166100
166144
166181
166182
166194
166197
166198
166228
166232
166302
166391
166394
166397
166398
166399
166401
166417
166418
166419
166420
166421
166422
166423
166424
166425
166426
166427
166428
166429
166430
166438
166440
166442
166443
166453
166455
166456
166457
166487
166488
166489
166490
166491
166492
166493
166508
166509
166510
166511
166512
166513
166514
166515
166520
166536
166537
166538
166539
166540
166541
166542
166544
166564
166565
166566
166567
166568
166569
166570
166599
166600
166601
166602
166603
166604
166605
166606
166607
166608
166609
166610
166611
166612
166634
166636
166637
166638
166639
166640
166648
166649
166650
166651
166652
166653
166654
166655
166656
166657
166658
166659
166660
166661
166662
166663
166664
166665
166666
166667
166668
166669
166670
166671
166672
166673
166674
166675
166676
166677
166678
166679
166680
166681
166682
166683
166685
166686
166687
166689
166690
166691
166692
166693
166694
166695
166697
166698
166699
166700
166701
166702
166704
166705
166706
166707
166708
166709
166710
166711
166712
166713
166714
166715
166716
166717
166718
166719
166720
166721
166722
166724
166725
166726
166727
166728
166729
166730
166731
166732
166733
166734
166735
166736
166737
166738
166739
166740
166741
166742
166743
166744
166745
166746
166747
166748
166749
166750
166751
166752
166753
166754
166755
166756
166757
166758
166759
166760
166761
166762
166763
166764
166765
166766
166767
166768
166769
166770
166771
166772
166773
166774
166775
166776
166777
166778
166779
166780
166781
166782
166783
166784
166785
166786
166787
166788
166789
166790
166791
166792
166793
166794
166795
166796
166797
166798
166799
166800
166801
166802
166803
166804
166805
166806
166807
166808
166809
166810
166811
166812
166813
166814
166815
166816
166817
166818
166819
166820
166821
166822
166823
166824
166825
166826
166827
166828
166829
166830
166831
166832
166833
166834
166835
166836
166837
166838
166839
166840
166841
166842
166843
166844
166845
166846
166847
166848
166849
166851
166852
166853
166854
166855
166856
166857
166858
166859
166860
166861
166862
166863
166864
166865
166866
166867
166868
166869
166870
166871
166872
166873
166874
166875
166876
166877
166878
166879
166880
166881
166882
166883
166884
166885
166886
166887
166888
166889
166890
166891
166893
166894
166895
166896
166897
166898
166899
166900
166901
166902
166903
166904
166905
166906
166907
166908
166909
166910
166912
166913
166914
166915
166916
166917
166919
166920
166936
166937
166939
166940
166953
166977
166979
166980
166981
166982
166983
167013
167017
167093
167118
167122
167149
167150
167230
167231
167232
167235
167237
167238
167239
167240
167241
167242
167271
167272
167273
167274
167275
167276
167277
167278
167279
167280
167281
167282
167283
167284
167285
167286
167287
167288
167289
167292
167293
167294
167295
167296
167297
167298
167299
167300
167301
167302
167303
167304
167306
167307
167308
167309
167310
167311
167312
167313
167314
167315
167316
167317
167318
167319
167320
167321
167322
167323
167324
167325
167326
167327
167328
167329
167330
167331
167332
167333
167334
167335
167336
167337
167338
167339
167340
167341
167342
167343
167344
167345
167346
167347
167348
167349
167350
167351
167352
167353
167354
167355
167356
167357
167358
167359
167360
167361
167362
167363
167364
167365
167366
167367
167368
167505
167507
167512
167515
167530
167534
167537
167538
167540
167542
167543
167551
167552
167553
167554
167555
167556
167557
167558
167559
167560
167561
167562
167563
167564
167565
167566
167567
167568
167569
167570
167571
167572
167573
167574
167575
167576
167577
167578
167579
167580
167581
167582
167583
167584
167585
167586
167587
167588
167589
167590
167591
167592
167593
167594
167595
167596
167597
167598
167599
167639
167656
167657
167658
167659
167660
167661
167662
)
;
}
)

// ************************************************************************* //
